训练集
word_vector数据
min: 1
max: 169
average: 6.699211638491548
middle: 3
正负样例数据
begign: 61520(-22951=38569)
malicious: 61520(-22951=38569)
数据集有用的共77138tiao
且每个category的正负样例数据是：
625, 2489, 9, 304, 365, 17, 7673, 3101, 184, 573, 77, 240, 3, 22951, 109, 153, 1833, 872, 1447, 2383, 623, 2508, 460, 304, 12217
625, 2489, 9, 304, 365, 17, 7673, 3101, 184, 573, 77, 240, 3, 22951, 109, 153, 1833, 872, 1447, 2383, 623, 2508, 460, 304, 12217
即可以认为label与category无关？
存在部分word_vector相同，但有的benign有的malicious。
category+word_vector总共能唯一确定8099个种类，其中有正负不同的lebel的写在了statital.txt中
其中正负例一样多的：（数据没意义了）
13[0.19911, -0.46156, 0.19674, -1.3298, 0.51805, 1.2791, 0.40852, 0.17056, -1.3157, -0.22628, 0.84411, 0.46056, 0.47415, 0.09878, -0.65574, 0.047444, 0.65022, -0.81265, -0.5732, -0.58868, -0.57416, 0.83951, 0.030972, -0.4791, 0.8722, -0.76832, -1.397, 0.69933, 0.46079, -0.13586, -0.52892, -0.19782, 0.70204, 0.34299, 1.1529, 0.06319, 1.8239, 0.03954, -0.36868, -0.052147, 0.72588, 0.56087, -0.59769, -0.74211, -1.1422, 0.28321, 0.47246, -1.3787, -0.32617, 0.45371, -0.13472, -0.56537, -0.021211, -1.017, -1.1218, 0.1148, 0.69304, -1.0124, -0.24208, -1.329, 0.18042, 0.70486, -0.76589, -0.50681, -0.15011, -0.38988, 1.5124, -1.1613, -1.0023, -1.1743, 0.98135, -0.3914, 1.3831, 0.30039, -0.31949, -1.0337, -0.26562, 0.99092, -0.12546, -0.066207, -0.19768, -1.2955, -0.27924, -0.96179, 0.45382, 0.50721, 1.2097, 0.72289, 0.42889, 1.1194, 1.0164, -0.16269, -1.8727, -0.72868, 0.77347, 1.1669, 0.61071, -0.74036, 0.53079, -0.36638]
18[-0.40747, -0.23971, -0.13692, -0.26816, -0.13925, 0.10325, 0.018408, 0.014301, 0.13745, -0.84788, -0.86617, 0.47328, 0.33146, 0.1034, -0.20543, 0.25805, -0.025526, 0.36597, 0.63879, -0.64141, -0.22891, -0.19483, -0.26496, -0.55464, 0.60382, 0.93085, -0.12837, -0.26552, -0.59095, 0.512, -0.28689, -0.65012, 0.77395, 0.047937, 0.35271, 0.13764, -0.4845, -0.57076, 0.65609, -0.10192, 0.013861, -0.4749, 0.55298, 0.16004, -0.73231, -0.072856, 0.44015, 0.06292, -0.28031, 0.41129, 0.19604, -1.3732, -1.0767, 0.49293, -0.74509, 0.78441, 0.76692, -0.38624, -0.17942, -1.0313, -0.62582, -0.53871, -0.92963, -0.29322, 0.84713, -1.2309, 0.38389, -0.47147, -0.51773, 0.066555, -0.080582, 0.70179, 0.96212, -0.41026, 0.88957, -1.3462, -1.4372, 0.92218, -0.82006, -0.81846, 0.45762, -0.23008, 0.50424, 0.063879, -0.31496, -0.77515, 0.39505, 0.026974, -0.021078, 0.097078, -0.19365, -0.35283, 0.26698, -0.64161, 0.46015, 0.33759, -0.65401, -0.15624, 0.46035, 0.069945][0.16889, 0.73202, -0.22857, -0.4549, -0.10215, -0.013369, 0.6657, 0.70937, -0.63861, -0.5458, -1.0006, -1.3431, -0.7041, 0.9775, -1.8941, 0.25748, 0.17711, 0.6566, 0.46307, -0.34992, -2.0352, 1.3604, -0.52797, 0.092471, 0.0011785, 0.74186, -0.97247, 0.043941, -0.20412, -0.49746, -0.86619, -0.21597, 0.19887, -0.43273, 0.35966, -0.17369, 0.051086, 0.14866, 0.48776, -0.13712, 0.020137, 0.1718, 0.21838, 0.71793, -1.7273, 0.89501, 1.3175, 0.218, 1.0034, 0.4888, -0.034488, -1.4987, 0.2907, -0.39843, -1.12, -0.44654, 0.25809, -0.56476, -0.24044, -1.7761, -1.1746, 0.38503, -0.14652, -0.21096, 0.55127, -0.56287, 0.16915, -0.79004, 0.09668, -1.5628, 0.30955, -0.2346, 0.68853, 0.53092, 0.80775, -1.1131, -1.0173, 0.46316, 0.067183, 0.045885, 0.83734, -0.20235, 0.49207, 0.26064, -1.438, -0.36232, 0.71387, -0.15712, 1.2387, -0.21843, 0.20248, -0.30716, -0.43584, -0.12936, 0.6564, -0.6625, -0.40611, 0.53328, 0.64084, 0.018049][0.15247, -0.18989, -0.097412, -0.20568, 0.22885, -0.10652, -0.35271, -0.51971, 0.31473, -0.83138, 0.41857, 0.76911, 0.50126, 0.21048, 0.70417, 0.30269, 0.32561, -0.043495, 0.36903, -0.40144, -0.84143, 0.42484, -0.50241, -0.68254, 0.13446, 1.084, -0.46643, -0.22048, 0.63853, 0.14372, -0.17803, -0.093678, 0.19049, -0.58016, 0.80098, -0.41918, -0.48068, 0.79472, 0.65467, -0.28288, -0.22748, 0.073704, -0.15661, -0.58379, -0.15478, 0.42249, 0.98829, 0.4844, 0.24416, 0.28118, -0.7153, -0.44409, -0.87738, -0.42041, -0.72643, 0.94213, 1.0044, 0.60814, -0.31601, -1.5114, -0.45094, -0.61233, -0.46607, -1.1396, 0.75301, -1.5922, 0.3322, -0.70154, 0.14557, -0.37821, 1.3081, 0.33216, 0.61141, -1.208, 1.9963, -0.15478, 0.0010928, 0.89497, -0.039783, -0.32825, 0.26111, -0.86727, 0.79987, -0.31829, -0.39763, 0.33966, 0.30801, -0.18279, 0.28599, -0.22989, -0.93015, 0.0067808, -1.1032, 0.068579, 0.34636, 0.58458, -1.1092, -0.35921, 1.8283, 0.044185][0.42593, 0.79465, 0.1401, 0.73776, 0.0082441, 0.28834, 0.78054, -0.66762, -0.64814, -0.54677, -0.50072, -0.57013, 0.69422, 0.0074699, -0.59416, 0.50839, 0.4976, 0.5654, 1.5656, -0.39672, -0.64994, 0.28177, -0.87341, 0.40508, 0.91784, 1.4314, 0.1988, -0.61746, 0.58302, -1.2254, -0.10645, 0.015628, 0.70379, -1.4184, 0.86515, -0.18865, -0.04598, -0.5523, 1.2025, 0.07309, -0.064692, -0.72693, 0.23076, 0.31282, -0.014877, 0.75682, 1.274, 0.0095246, -0.39262, 0.067198, -0.26814, 0.092681, 0.55655, -0.31135, -0.89156, 0.16781, -0.86129, -1.202, 0.011394, -0.98316, -0.048183, 0.59017, 0.36506, -0.025614, 0.66881, -1.0428, -0.093543, 0.48413, -0.058947, -1.0227, 1.2427, 0.66142, 0.46672, 0.61799, 0.83892, -1.3128, 0.80005, 1.1702, -0.25753, 0.057213, 0.29027, 0.18914, 1.0447, -0.43642, 0.11645, -0.36167, 0.71582, 0.61481, -0.63082, 0.35989, -1.0228, -0.22233, -0.98477, -0.12493, -0.82799, 0.14955, -0.23772, 0.52144, 1.4799, 0.073485][0.55175, 0.086884, -0.31434, 0.44301, 0.17382, -0.48471, 0.55481, -0.14347, -0.21966, -1.4261, -0.092013, -0.72367, 0.39616, 0.85775, -0.86408, 0.99299, -0.70358, 0.64712, 0.14855, -0.26568, -0.93799, 1.2305, 0.42918, 0.073091, 0.48266, 0.5248, -1.0102, -0.80102, 0.076741, -0.11805, 0.40072, -0.67616, 0.28453, -0.46072, 0.38123, -0.70299, 0.036741, -0.38225, 1.0676, -0.75795, -0.40024, -0.5041, -0.68448, -0.38941, -0.6714, 0.95361, 1.0434, 0.50365, 0.70471, 0.15458, -0.034598, -0.84689, 0.23575, -0.45509, -0.95747, 0.82402, 0.5379, -0.34687, 0.24439, -1.5259, -0.32016, 0.6946, -1.5922, -0.87106, 0.2732, -0.61139, 0.49776, -0.30438, 0.1796, -0.41955, 1.5395, 0.017714, 0.55356, 0.58743, 0.44143, -1.9048, -0.75438, 0.1364, 0.079355, 0.78701, 0.79579, -0.90616, 0.34507, 0.77696, -2.1501, 0.060288, 0.78771, 0.32507, 0.62111, 0.11422, 0.62583, 1.2791, -1.1012, 0.47827, 0.20819, -0.26633, -1.3604, 0.11176, 1.4549, -1.1068][0.42593, 0.79465, 0.1401, 0.73776, 0.0082441, 0.28834, 0.78054, -0.66762, -0.64814, -0.54677, -0.50072, -0.57013, 0.69422, 0.0074699, -0.59416, 0.50839, 0.4976, 0.5654, 1.5656, -0.39672, -0.64994, 0.28177, -0.87341, 0.40508, 0.91784, 1.4314, 0.1988, -0.61746, 0.58302, -1.2254, -0.10645, 0.015628, 0.70379, -1.4184, 0.86515, -0.18865, -0.04598, -0.5523, 1.2025, 0.07309, -0.064692, -0.72693, 0.23076, 0.31282, -0.014877, 0.75682, 1.274, 0.0095246, -0.39262, 0.067198, -0.26814, 0.092681, 0.55655, -0.31135, -0.89156, 0.16781, -0.86129, -1.202, 0.011394, -0.98316, -0.048183, 0.59017, 0.36506, -0.025614, 0.66881, -1.0428, -0.093543, 0.48413, -0.058947, -1.0227, 1.2427, 0.66142, 0.46672, 0.61799, 0.83892, -1.3128, 0.80005, 1.1702, -0.25753, 0.057213, 0.29027, 0.18914, 1.0447, -0.43642, 0.11645, -0.36167, 0.71582, 0.61481, -0.63082, 0.35989, -1.0228, -0.22233, -0.98477, -0.12493, -0.82799, 0.14955, -0.23772, 0.52144, 1.4799, 0.073485][-0.021332, 0.4387, -0.18183, -0.056574, 0.23844, 0.55, 0.70682, 0.28808, 0.0019701, -0.30086, -0.59044, 0.04536, 0.62022, 0.22827, -1.1233, 0.94122, 0.91985, 0.21741, 0.88225, -0.11116, -0.55326, -0.24079, 0.22374, 0.46023, 0.33653, 1.1944, -0.39778, -1.3268, 0.16861, -0.24386, 0.15693, -1.0537, 0.76286, -0.41615, -0.66048, -0.99371, 0.16415, 0.34813, 1.4746, -0.056732, 0.063788, 0.14709, 1.4106, -0.10132, -0.63853, 0.76183, 1.4729, -0.64304, 0.44234, -0.26138, -0.91334, -0.17164, 0.3493, -0.20221, -0.93827, -0.43378, -0.17834, -1.1127, -0.23229, -1.2986, -0.097517, -0.19175, -0.35914, -0.4255, 0.69288, -1.5104, 1.3481, -0.61245, -1.5074, -1.6251, 0.050937, 0.79874, 0.36308, 1.3951, -0.16846, -0.93595, -0.54246, 0.30912, 0.8283, -0.49526, -0.096366, -0.76207, 0.25924, -0.0057401, -0.27449, -0.74023, 0.33535, 1.4515, 0.03436, -0.35378, -0.71293, 0.1757, -0.013797, -0.34124, 0.047378, -0.3073, 0.98178, -0.25479, 0.62795, -0.17086][-0.75374, 0.27319, 0.10067, 0.3898, 0.35291, -0.39764, 0.23198, -0.092636, -0.66086, 0.17489, -0.032801, 0.12913, 1.2232, -0.0094205, -0.77853, 0.014521, -0.001858, -0.70025, 1.0061, -0.12948, -1.6657, -0.14835, -0.36225, 0.90989, 1.2985, 0.61087, 0.032068, -0.29114, 0.78765, -0.38761, 0.0075783, -0.2731, 1.5879, -0.93131, -0.15147, -1.3777, -0.26698, -0.27626, 1.4471, 0.38857, -0.17326, -0.18586, 1.0278, 0.33717, -0.43486, 0.49302, 0.46181, -0.3872, 0.74483, -0.65512, -0.29096, 0.46746, -0.044232, -0.64945, -1.7192, 0.17876, -0.26744, -1.662, -0.66947, -0.79965, -0.46183, 1.0767, 0.24651, 0.37703, 0.026656, -1.0363, 1.056, -0.15084, -0.1683, -1.0311, 0.91094, -0.48459, -0.29663, -0.71836, 0.44991, -1.4382, -0.70478, -0.30793, 0.07543, -0.098584, -0.11096, -0.67689, 0.16119, -0.11739, 0.050726, -0.45604, 0.66838, 1.7087, 0.69733, -1.0041, 0.098488, 0.14638, -0.47597, -0.64264, -0.66393, -0.70345, -0.25775, 0.85164, 1.3587, -0.071031][-0.99394, 0.048027, 0.64534, 1.0306, 0.86325, 0.41847, 0.68786, 0.1276, -1.0131, 0.16039, 0.10694, 0.3118, -0.065937, 0.16558, -1.7093, 0.8462, 0.2883, -0.045764, 0.12708, -0.038623, 0.52539, 0.9295, 0.35704, -0.33808, 0.41992, 0.22982, 0.092799, -0.043834, 0.52842, -1.2748, -0.57745, -0.24377, 0.55273, 0.58267, 1.0075, 0.79446, -0.26504, -0.1158, 0.55325, -0.61858, 0.066735, 0.11351, 0.15559, -0.65615, -0.34616, -0.040422, -0.39491, 0.56318, 1.0895, 0.96436, -0.40499, 0.45353, 0.37048, -0.15535, -0.29534, -0.20248, -0.40375, -0.60008, -0.093509, -0.57088, 0.073686, -0.8707, -1.3819, 0.5026, -0.54063, -0.93764, 0.15147, 1.0837, -1.1423, -0.56176, 0.37746, 0.52035, 1.0899, 0.20952, -0.95398, -0.1246, 0.15275, -0.066559, -0.9792, -0.035753, 0.63743, -0.0525, -0.0048866, 1.0652, -0.96842, 0.17742, 0.062568, 0.69783, 0.40861, -0.90746, -0.43911, -0.62825, 0.065198, 0.47726, 0.58863, -0.64838, -0.6189, 0.51698, 0.65631, 0.87818][-0.26267, 0.97366, 0.30055, 0.64434, 1.005, -2.4874, 1.4383, 0.34331, 1.0124, -1.1603, -1.5301, -1.6151, 0.20646, 0.76354, -2.1908, 1.0093, -0.10644, 1.64, 1.4338, -1.6215, -1.6868, 1.6652, 0.96846, -1.4906, 1.322, 1.4883, -0.49172, -1.027, 0.48589, -1.362, -0.93392, -1.4707, 2.2658, -0.48894, 0.12541, -0.37491, 0.41056, -0.013405, 1.667, -1.0683, -1.2259, 0.24243, 0.10925, 0.59344, -0.52797, -0.34324, 0.90357, 0.086422, 0.62089, -0.19003, 0.7426, -0.289, 0.41346, 0.17148, -0.1961, -0.83609, -1.3805, -1.0806, 0.32866, -3.188, 0.50034, -1.6512, -0.094625, -0.75007, 0.26259, -1.465, 1.8264, -0.65256, -1.7097, -2.4776, 2.58, 1.3614, 2.4303, 0.26753, 0.55436, -2.0156, -1.7036, 0.90122, -0.19134, -0.44238, 0.54775, -0.6031, 0.62071, -1.073, -0.31095, -0.26007, 0.12343, 1.5111, -1.4926, -0.81004, -0.30661, 0.73014, 0.19536, -0.69866, 0.42215, -1.4512, -0.89076, 1.0468, 2.5593, -0.14333][-0.12422, 0.36929, 0.19863, 0.11259, 0.45829, -1.0352, 0.2709, 0.57769, 0.56244, -0.30674, -0.86384, -1.1441, -0.09544, 0.48493, -0.83583, 0.22899, -0.33024, 0.63939, 1.199, -0.72056, -0.61203, 0.61011, 0.87508, -0.084936, 0.66362, 0.21076, -0.41964, 0.15278, 0.22963, -0.7205, -0.45785, -0.89463, 1.4686, -0.29885, -0.070623, -0.228, 0.43145, 0.14579, 0.30033, -0.69172, -0.44015, 0.13136, 0.35953, 0.55777, -0.064327, 0.30268, 0.41104, -0.1251, 0.22889, 0.63302, -0.069651, -0.042421, 0.47911, 0.14644, -0.16124, 0.0049239, -0.52255, -0.26963, -0.003503, -1.8676, 0.57454, -0.53159, 0.17996, -0.10788, 0.05144, -0.86377, 1.4754, -0.38742, -0.69925, -1.4051, 1.6546, 0.81672, 1.2918, -0.057563, 0.076745, -1.3448, -0.3897, 0.49572, 0.095271, 0.51518, 0.62894, -0.35838, 0.25701, -0.34836, 0.56643, -0.49188, -0.4243, 0.71325, -0.73439, -0.61855, 0.49151, 0.11282, 0.24266, 0.10259, 0.11696, -1.7188, -0.74923, 0.94977, 1.1365, -0.20308]
21[-0.61377, -0.42941, 0.029669, 0.35001, 0.52111, -0.08186, -0.075009, -0.50655, -0.55971, 0.23332, 0.28824, 0.16233, 0.502, 0.052346, 0.050798, 0.27288, 0.1955, -0.4579, 0.59477, -0.17702, -0.22543, 0.69634, -0.22058, -0.47983, 0.41039, 0.5287, 0.30339, 0.020338, 0.12322, -0.59426, 0.4093, -0.21626, 0.74599, 0.27645, 0.94353, -0.83561, -0.074559, -0.16527, 1.2787, -0.24979, -0.57504, -0.53949, 0.45933, -0.1664, -0.49424, 0.47935, 0.19804, -0.11569, -0.22934, 0.52408, -0.16125, -0.19286, 0.32125, 0.24214, 0.19066, -0.59895, -0.026542, -0.30539, 0.12139, -0.73349, 0.19328, 0.31282, -0.63783, 0.31713, 0.14235, -0.94536, 0.6371, 0.0036424, -0.41391, -0.62279, 0.68125, -0.5684, 0.55446, 0.28535, -0.11298, -0.58052, 0.39906, 0.17924, -0.46312, 0.19933, -0.025657, -0.22256, 0.16649, 0.68457, -0.45803, -0.44759, 0.42472, 0.44174, 0.74273, -0.43846, 0.26344, 0.090413, -0.64195, -0.18535, 0.57416, 0.96504, 0.19699, 0.23735, 0.53631, -0.52527][-0.61377, -0.42941, 0.029669, 0.35001, 0.52111, -0.08186, -0.075009, -0.50655, -0.55971, 0.23332, 0.28824, 0.16233, 0.502, 0.052346, 0.050798, 0.27288, 0.1955, -0.4579, 0.59477, -0.17702, -0.22543, 0.69634, -0.22058, -0.47983, 0.41039, 0.5287, 0.30339, 0.020338, 0.12322, -0.59426, 0.4093, -0.21626, 0.74599, 0.27645, 0.94353, -0.83561, -0.074559, -0.16527, 1.2787, -0.24979, -0.57504, -0.53949, 0.45933, -0.1664, -0.49424, 0.47935, 0.19804, -0.11569, -0.22934, 0.52408, -0.16125, -0.19286, 0.32125, 0.24214, 0.19066, -0.59895, -0.026542, -0.30539, 0.12139, -0.73349, 0.19328, 0.31282, -0.63783, 0.31713, 0.14235, -0.94536, 0.6371, 0.0036424, -0.41391, -0.62279, 0.68125, -0.5684, 0.55446, 0.28535, -0.11298, -0.58052, 0.39906, 0.17924, -0.46312, 0.19933, -0.025657, -0.22256, 0.16649, 0.68457, -0.45803, -0.44759, 0.42472, 0.44174, 0.74273, -0.43846, 0.26344, 0.090413, -0.64195, -0.18535, 0.57416, 0.96504, 0.19699, 0.23735, 0.53631, -0.52527][-0.85285, -0.5855, 0.64402, 0.20224, -0.5045, -0.1896, -0.69843, -0.34014, -0.10563, -0.79546, -0.13226, 1.0114, 0.057167, -0.20424, -0.56432, -0.64705, -0.30291, -1.0125, 1.1053, 0.33767, -0.46424, 0.27313, -0.23266, 0.59813, 1.2531, 1.0228, -0.036903, 0.99305, 0.86264, -0.38024, 0.68392, 0.22136, 0.33342, -0.86635, 1.5021, 0.9008, -0.14725, 0.49609, 0.8157, -0.42876, 0.06054, -0.47777, 0.99349, -0.99945, -0.23632, 0.066752, 1.6781, 0.29076, -0.57104, -0.56932, -0.16098, -0.064447, 0.030933, -0.187, -0.047921, -0.060479, -0.6032, -1.5003, 0.7506, -1.1319, -0.63829, -0.16151, -0.26391, -0.72686, 0.31125, -1.6594, -0.57459, 0.071386, 0.24301, -0.38141, -0.20003, -0.17102, 0.53362, -0.19527, 0.39282, -1.0081, 0.13592, 0.16634, -0.56295, -0.16394, -0.28778, 0.58833, 0.59968, 0.11122, 0.014466, -0.23193, -0.0065464, 0.38107, 1.1421, 0.10186, -0.17216, -0.7073, -0.38535, 0.029478, 0.58208, 0.86721, 0.075681, 0.85965, 1.0773, -0.62405][-1.418, -0.16665, -1.5523, -0.6592, 1.1367, 1.0905, -1.0326, 1.1514, -1.235, -0.77771, -1.0578, -0.4688, 0.10221, 0.42088, -0.33395, -0.39796, 0.18634, -0.053226, 0.96925, 0.26204, -1.0629, 1.3986, -1.5925, 0.13872, 0.59475, 1.8906, -0.38038, 0.29395, 0.34972, -0.19387, 1.0131, -0.79591, -0.6746, -0.23914, 0.01738, -0.29053, -0.59484, -1.1185, 1.2641, -0.94461, -1.4244, -0.13838, 0.36163, 1.6584, 0.0074933, -0.052847, 0.71427, -0.9095, 1.414, 1.3853, -1.1723, -0.28245, 1.124, -0.2985, -0.43305, -0.71865, 0.90917, -0.27974, -0.99358, -1.5237, -0.99463, -0.82318, -0.99862, -1.7027, -0.61929, -1.6395, 0.33166, -1.5603, 0.27176, -2.3311, 1.5943, 1.0518, 0.7438, 0.22814, 0.2969, -0.94165, 0.21633, 0.79026, 0.067241, 2.088, 0.95133, -0.15817, 1.4195, 0.76946, -1.511, -0.022317, 0.79868, -0.44123, 1.9108, 0.18963, -1.8187, 0.68222, -0.77755, -1.1527, 0.94248, 0.58647, -0.085117, -0.71732, 0.39914, -0.93038][-0.81086, 0.27147, 0.32918, 0.76897, 0.085969, -0.71565, -0.030803, 0.62281, -0.19679, -0.49253, 0.033534, 0.30223, -0.1701, -0.92073, -1.3671, 0.81698, 0.48063, 0.26683, 0.26005, -0.4579, -0.43307, 1.6276, 0.46929, -0.62396, -0.21673, 1.0231, 0.023385, 0.072373, -0.47716, -0.2464, -0.0026301, -0.9273, 0.54809, 0.28482, 1.3148, -0.69474, 0.52115, -0.47487, -0.052381, 0.073551, -0.245, 0.35222, -1.2819, 0.095483, -0.29452, 0.27472, -0.43733, 0.72813, -0.029431, 0.097843, 0.16277, -0.36589, 0.33382, -0.15319, 0.12693, -0.54801, -0.83114, -0.072617, 0.58323, -0.69824, -0.28599, -1.0294, -0.78225, -0.32441, 0.55662, -0.2946, -0.30216, 0.44069, -0.52364, -0.8036, -0.47608, 0.29092, 0.2336, -0.28119, 0.90493, -0.92934, 0.58687, -1.2641, -0.62458, -1.273, 0.97116, 0.62014, -0.11227, -0.54742, -0.96474, -0.58409, 0.29265, 0.5321, 0.11332, -0.073694, 0.20156, 0.15633, -0.42707, -0.27286, 0.77913, -0.063872, -0.64783, -0.20997, -0.21812, 0.28615][-0.63109, -0.85332, -0.30103, -0.085972, 0.04502, -0.17722, -0.034229, -0.011395, -0.20347, -0.40523, -0.62212, -0.12697, 0.88484, 0.63951, 0.21459, -0.52346, 0.51968, 0.66682, -0.33245, -0.42784, 0.32353, 1.0349, -0.77304, -0.67274, 0.32318, 1.8501, 0.078387, -0.70862, -0.36625, 1.1085, 0.41762, -0.11152, 0.3288, 1.5337, 1.5104, 0.17125, 0.16816, -0.3805, 2.0445, -1.0728, -0.26063, -1.2941, 0.26864, -0.81614, -1.9141, -0.70904, 1.6952, 0.65757, -0.63134, 1.468, 0.41814, 0.20301, 0.22192, -0.76448, -0.34186, 1.6091, -0.019544, 0.1097, -0.85107, -0.67058, -0.7376, 0.30422, -1.1202, 0.094189, 0.94558, -1.049, 0.79324, -0.076179, -0.39696, 0.056822, 0.34358, 0.82611, 0.35655, -1.4622, 0.57206, 0.055558, 0.13969, 0.34623, -1.6641, 0.12174, 1.1278, 0.24788, -0.017913, -0.13346, -0.48411, 0.21184, 1.17, 1.7055, 1.1617, -0.47479, 0.34794, -0.88773, -0.55054, -0.12116, 1.1686, 0.43354, 0.41661, 0.099977, 0.38532, -1.4534][-0.26997, 0.1752, 0.11387, -0.20884, 0.50011, -0.019497, 0.00020712, -0.013698, -0.18437, -0.14603, 0.20245, -0.078682, 0.61143, 0.63019, -0.35531, 0.69706, -0.039086, -0.31407, 0.5499, 0.21428, 0.18096, 0.19677, 0.5314, 0.071564, 0.52488, 0.81426, 0.41, -0.46119, 0.5045, 0.33944, -0.13097, -0.14388, 0.82025, 0.54774, 1.191, -0.17378, 0.2677, -0.30419, 0.6082, -0.28265, -0.2928, -0.28145, 0.51212, 0.13711, -0.46285, 0.13096, 0.39824, -0.060044, -0.042931, 0.20109, -0.34364, 0.09761, 0.30828, 0.16908, 0.62611, -0.17363, 0.4879, 0.14665, -0.11081, -0.70515, 0.38641, 0.58134, -0.50668, -0.04013, -0.19963, -1.0356, 0.45639, -0.55802, -0.6094, -0.58077, 0.67954, -0.42882, 0.84491, 0.32317, 0.049351, -1.1359, 0.41385, 0.29284, -0.64812, -0.42225, 0.26181, -0.35452, 0.95298, 0.18603, -0.071915, -0.16429, 0.20549, 1.1641, 0.28158, 0.25226, -0.019798, 0.1374, -0.95086, -0.38677, 0.57818, 0.46845, 0.21847, 0.77615, 0.45405, -0.43421][-0.00067733, -0.69046, 0.25628, 1.6884, 0.11374, 0.11346, -0.040783, 0.48411, -0.17781, -0.57934, 0.089004, -0.026723, -0.36113, -1.7687, -0.88874, 0.0039904, 0.21254, -0.076094, -0.28541, -0.58106, -0.25327, -0.11203, -0.48043, 0.13517, 0.9502, 0.50581, -0.48617, 0.40957, 0.075653, -0.99272, 0.48676, -0.48273, 0.19434, -0.32215, 1.2312, 0.39286, 0.49495, -0.1947, 0.72998, -0.28542, -0.44628, 0.60851, 0.36223, -0.28416, -0.9366, 0.7122, 0.23041, -0.30175, 0.90877, -0.27894, 0.45167, 0.41782, -0.015881, -0.51543, -0.26427, -0.28912, -0.2232, -1.0553, -0.71697, -1.024, -0.33404, -0.57268, -0.28067, -0.55452, 0.35949, -1.0639, 0.060287, 0.33131, -0.33491, -0.35997, 0.68346, -0.38226, -0.17092, 0.35999, 0.36541, -0.28559, -0.77554, -0.74938, -0.36209, -0.4034, -0.37547, -0.78716, 0.65346, 0.6269, -0.067762, 0.5209, 0.28577, 0.69838, 0.41563, -0.2973, 0.43104, -0.5935, 0.12398, -0.68325, 0.097352, 0.62807, -0.76909, -0.45248, -0.39947, 0.73385][-0.15417, -0.88598, 0.38144, 1.4745, 0.14309, -0.037527, -0.054738, 0.64459, -0.08339, -0.48477, -0.18096, -0.043222, -0.28981, -1.8439, -0.7542, 0.091411, -0.19673, 0.0050607, -0.35228, -0.37138, -0.54489, -0.47001, -0.35076, 0.15482, 0.93408, 0.43545, -0.27108, 0.51572, -0.17421, -1.0205, 0.35971, -0.28579, 0.22869, -0.41444, 1.3963, 0.32481, 0.65286, -0.067348, 0.61321, -0.13805, -0.19825, 0.3353, 0.2523, -0.22245, -0.97437, 0.96196, 0.47424, -0.29873, 1.0455, -0.20837, 0.49501, 0.47193, -0.23231, -0.37846, -0.49918, -0.59316, -0.22693, -1.0245, -0.68368, -1.0672, -0.33387, -0.24868, -0.37356, -0.86579, 0.047231, -1.0922, 0.29005, 0.61449, -0.17949, -0.44, 0.64923, -0.22238, 0.0025619, 0.47148, 0.56062, -0.38369, -0.55672, -0.7388, -0.69342, -0.43198, -0.41928, -0.64897, 0.62832, 0.46114, -0.23725, 0.43986, 0.10511, 0.77927, 0.50426, -0.25908, 0.52432, -0.27606, -0.07127, -0.50566, 0.20531, 1.0095, -0.39724, -0.43615, -0.18244, 0.90024][-0.64981, -0.77387, 0.87098, 0.10963, -0.27483, 0.4338, -0.22191, 0.51825, -0.68675, -0.59296, -0.20213, 0.28173, 0.047751, -0.83615, -0.3662, -0.34148, 0.12422, -0.036542, 0.2708, 0.23084, -0.69189, -0.9442, -0.16789, -0.38683, 0.8169, 0.64389, -0.13363, 0.64733, 0.48236, -1.0587, 0.507, -0.27663, 1.0167, 0.49284, 1.4794, -0.23458, 1.0257, 0.078379, 1.1362, -0.18504, 0.41589, 0.2685, 0.10282, -0.83164, -0.99706, 0.75103, 1.4038, -0.26812, 0.50836, -0.58314, 0.31734, 0.68467, -0.14792, 0.11603, -0.6545, -0.22409, 0.038857, -0.50485, -0.38503, -0.55253, -0.1949, -0.22799, 0.018571, -0.69713, 0.24032, -0.38577, 0.57114, 0.37193, -1.1533, -0.31762, 0.93498, 0.032503, 0.44725, 0.51331, 1.2953, -0.2621, 0.26431, -0.6133, 0.16095, -0.29952, -0.57095, -0.045007, 0.23185, 0.81485, -0.45685, -0.23371, -0.31556, 0.46459, 0.87211, 0.0050261, -0.29495, 0.33516, 0.72517, 0.025857, -0.29903, 1.5286, 0.20163, 0.022978, 0.40924, 0.3086]
8[0.21043, 0.55781, 0.011635, 0.25913, 0.16835, -0.15895, -0.45213, 0.72401, -0.22382, -1.2526, 0.61842, 0.55554, -0.057913, 0.23606, -0.91656, 0.69899, 0.56299, 0.14229, -0.8401, -0.75689, 0.20404, -0.62768, 0.50028, -0.2387, -0.69223, -0.050936, -0.62798, -0.31303, 0.67662, 0.027795, 0.14069, -0.80885, 0.8499, -0.68374, 0.41915, -0.35809, -0.17244, -0.54882, 0.26517, -0.96088, -0.76833, 0.001255, 0.9612, 0.55301, 0.95234, -0.043823, 0.44488, 0.11316, 0.54901, 0.04707, 0.33552, 0.0060154, -1.1781, -0.40539, -0.62551, 0.40183, 0.34444, -1.1745, -0.23292, -0.58156, 0.63958, 0.52751, -0.94533, -0.6796, 0.58751, -0.89938, 1.1901, -0.80698, -1.5023, -1.8952, 0.44731, 0.70872, -0.61446, 0.72207, 1.0505, -1.1571, 0.66033, 0.11277, -1.2734, 0.14485, 0.17657, -0.41454, 1.5126, 0.29205, -0.53165, -0.90013, 0.075363, 1.054, 0.43414, 0.65515, -0.25445, -0.68848, 0.24502, -0.87112, 1.1716, 0.032349, 0.33095, -0.21742, 0.22365, -0.93477][-0.010678, -0.22412, 0.048202, -0.29142, -0.29449, 0.49504, 0.41104, -0.40642, -0.83049, -0.47484, 0.12041, 0.58656, -0.17425, 0.59474, -0.16059, 0.093771, 0.15583, -0.25102, -0.087883, -1.1547, -0.20832, -0.93701, 0.41466, 0.04362, -0.77959, 0.23926, -0.19195, -0.027406, -0.082267, -0.39171, 0.40625, -1.063, 0.15716, -0.80293, -0.051401, 0.33987, -0.10007, -0.20297, 0.37242, -0.34634, -1.4556, -0.30337, -0.0081178, -0.94354, 0.80593, -0.29111, 1.0067, 0.30175, 0.89072, 0.41112, 0.13598, -0.19357, -0.88893, -0.0857, -0.20336, 0.59652, 0.28164, -1.0899, 0.2211, -1.5312, 1.0265, 0.055862, -0.52077, -0.72036, 0.46007, -1.1038, 2.1222, -1.0344, -0.99157, -1.5969, 0.74295, 1.2976, 0.53549, 0.30113, 0.91304, -0.83641, 0.081846, -0.57893, -0.23781, 0.4112, 1.038, -0.5946, 1.2675, -0.1803, -0.021077, -0.30223, 0.12939, 1.4072, 0.77455, -0.14433, -0.095268, 0.31934, 0.011821, 0.25724, 1.0664, -0.35549, -0.13509, 0.21128, -0.25212, -0.17618][-0.56496, 0.91092, 0.10074, -0.69071, 0.093087, -0.2157, 0.67701, 0.31872, -1.4119, -0.82149, -0.561, 0.11167, 0.1078, 0.48387, -0.69793, -0.18936, 0.96351, 0.16052, -0.6898, -1.1356, -0.1264, -0.94265, -0.66343, 0.097357, 0.74658, 0.15582, -0.36881, 0.7865, 0.022249, -0.22374, -0.89827, -0.24904, 0.99639, -0.144, 0.64636, -0.15906, -0.53588, 0.19475, 0.33239, -1.4334, -1.4798, 0.01908, 0.87975, -0.34064, -0.80895, -0.78526, 0.96708, 0.15445, 0.87919, 0.17222, -0.22559, 0.30349, 0.47345, 0.12662, -0.86599, 0.89363, 1.1538, -0.89351, -0.45066, -0.87597, 0.44134, -0.15567, -1.2286, -2.0457, 1.3109, -0.83034, 1.0814, -0.63053, -1.4257, -2.0183, -0.081566, 0.90619, -0.16094, 0.57353, 0.13077, -0.54658, 0.90412, -0.05055, -0.2906, 0.49363, 0.83932, -0.84864, 1.0019, -0.059018, 0.3054, -0.45131, -0.45371, 1.7568, 0.095056, 1.331, 0.39283, -0.13737, 0.077733, 0.1486, 1.1058, 1.6272, -0.14391, -1.049, 0.7316, -1.2087][-0.99787, 0.072024, -0.31309, -0.58057, 0.028094, -0.10183, 0.80565, -0.95281, -1.432, -0.24668, -0.90939, 0.67121, 0.59529, -0.30495, -0.20502, 0.28373, 1.211, -0.13298, -0.44889, -0.46516, -1.3487, 0.30677, 0.44914, 0.34006, 0.18137, -0.16223, -0.22064, -1.1647, 0.65, 0.34362, -0.71782, -0.48756, 0.02496, -0.26358, 1.132, -0.25838, -0.33792, -0.42478, 1.0522, -0.69333, -1.4096, -1.1863, 0.83587, -0.44771, -0.66207, -0.076167, 0.27406, -0.27029, 1.0299, 0.78453, -0.66685, -0.3125, -0.040226, -0.33145, -1.1522, 0.67115, 0.35995, -0.12664, -0.52566, -0.17867, -0.063697, -0.75029, -1.4543, -1.5287, 0.58881, -0.28448, 0.99168, 0.025267, -0.23658, -1.0558, 0.54221, 0.96482, 0.39087, 0.78179, 0.40329, -0.29741, 0.036786, 1.5559, -0.21923, -0.10822, -0.011829, -0.60184, 0.47672, -0.49815, 1.5473, -0.14626, 0.10705, 0.84501, -0.016635, 1.1555, -0.10988, 0.079408, -0.39109, 0.014385, 1.3854, 1.4804, -0.33138, -0.81835, 0.76897, -0.95153][0.17965, 0.57132, -1.4999, 0.96559, 0.6198, 0.42774, 0.49435, 0.46057, -0.034099, -0.17148, 0.17557, 0.27558, -0.60827, -0.18232, -0.18776, 0.31466, -0.55462, 0.16868, -0.15315, -1.116, -1.0395, -1.1665, 0.45082, -1.3199, 0.19617, 0.4439, 0.35108, 0.087937, 0.45766, 0.96227, -0.052926, -1.6025, -0.65124, -0.39297, 0.066345, 0.94612, -1.0047, -0.38507, 1.1276, -0.23219, -1.1951, -0.47704, 0.73885, -0.39276, 0.32092, 0.45938, -0.0031536, 0.14975, 0.97203, 0.96693, 0.76583, 0.76888, -0.45402, 0.17913, -0.65115, 0.30413, -0.066116, -0.39636, -1.0361, -1.3934, 0.81582, -0.38346, -1.537, -1.1183, 1.4623, -0.78176, 1.2528, -0.073299, -1.1399, -1.6054, 0.54961, 0.48812, 0.0041489, 0.49398, -0.34719, -1.9728, 0.7907, 0.94403, -1.1309, 0.22498, 0.56665, 0.23943, 0.95117, -0.69734, -0.50148, 0.39049, 0.059627, 1.4014, -0.048962, -0.86815, -0.82069, -0.038507, 0.22086, 0.78828, 0.29159, 0.15636, -0.25097, 0.6729, 0.47369, -0.68299][-0.081248, -0.060299, 0.12646, 0.15384, 0.42311, -0.24327, -0.40263, 1.0677, -1.3819, -0.82588, -0.093984, 0.77296, -0.32359, 0.32414, -0.81529, 0.68016, 0.56999, 0.14041, -0.040675, -1.1155, -0.79631, -0.69206, 0.16439, -0.28788, -0.3294, 0.092905, 0.53192, 0.11708, 0.49069, -0.40424, 0.14993, -1.3974, 0.28222, -1.1289, 0.040335, 0.12807, -0.8377, -0.37174, -0.11815, -0.9843, -1.8712, 0.27431, 0.70004, 0.23178, 0.34605, -0.045963, 1.0539, 0.26344, 0.64784, 0.84044, 0.29033, 0.53996, -0.58186, -0.027855, -0.13793, 0.83202, 0.71626, -0.91044, -0.3349, -1.0546, 1.2179, -0.069602, -1.862, -0.92198, 0.59937, -0.81663, 1.7512, -1.0475, -1.3914, -2.1467, 0.094849, 0.4552, -0.57778, 0.72712, 0.81525, -0.67642, 0.43037, -0.099111, -0.92921, 0.53803, 0.71547, -0.46572, 1.2226, -0.41079, -0.59884, -1.2271, 0.29008, 1.6188, 0.38898, 0.20903, 0.03812, -0.24514, -0.026589, -0.16049, 0.7868, -0.19127, 0.33136, -0.96643, 0.10685, -0.24529][-0.55965, -0.68796, -0.48748, 0.94437, -0.31368, 0.4698, 0.14594, 0.8552, 0.67644, -0.5584, -0.73587, 0.41456, 0.59312, -0.25933, -0.080832, 0.4336, 0.25512, -0.081856, -1.8341, -0.74222, -0.53519, -1.2215, 0.31154, -0.46171, 0.32578, 0.2148, 1.2474, -0.037787, 0.71613, -0.052417, 0.48051, -1.1445, 0.40176, -1.0686, 1.8268, 0.033275, -0.60696, -0.96308, 1.1679, -0.16739, -0.093554, -0.4928, 0.93057, 0.51244, 0.28917, 0.91058, 1.9822, -0.22205, -0.8216, -0.22842, 0.14409, 0.70689, -0.37408, 0.54138, 0.094128, 0.33756, 0.70248, -0.79683, -1.0686, -1.2731, 0.9092, -1.3734, -1.0018, -0.90087, 1.2898, -0.43608, 0.62809, -1.1664, 0.12064, -1.4272, 1.4468, 0.64753, -0.12463, 0.31331, 0.069495, -2.4889, -0.40094, 0.45588, -0.62378, 0.48155, 0.38396, 0.58146, 0.81794, -0.093303, -0.21829, -0.33103, 0.15371, 1.338, 0.50393, 0.52272, -0.46253, -0.44047, -0.23877, -0.3752, 1.1152, 0.28133, 0.81251, -0.031736, 1.0878, 0.10247][0.21043, 0.55781, 0.011635, 0.25913, 0.16835, -0.15895, -0.45213, 0.72401, -0.22382, -1.2526, 0.61842, 0.55554, -0.057913, 0.23606, -0.91656, 0.69899, 0.56299, 0.14229, -0.8401, -0.75689, 0.20404, -0.62768, 0.50028, -0.2387, -0.69223, -0.050936, -0.62798, -0.31303, 0.67662, 0.027795, 0.14069, -0.80885, 0.8499, -0.68374, 0.41915, -0.35809, -0.17244, -0.54882, 0.26517, -0.96088, -0.76833, 0.001255, 0.9612, 0.55301, 0.95234, -0.043823, 0.44488, 0.11316, 0.54901, 0.04707, 0.33552, 0.0060154, -1.1781, -0.40539, -0.62551, 0.40183, 0.34444, -1.1745, -0.23292, -0.58156, 0.63958, 0.52751, -0.94533, -0.6796, 0.58751, -0.89938, 1.1901, -0.80698, -1.5023, -1.8952, 0.44731, 0.70872, -0.61446, 0.72207, 1.0505, -1.1571, 0.66033, 0.11277, -1.2734, 0.14485, 0.17657, -0.41454, 1.5126, 0.29205, -0.53165, -0.90013, 0.075363, 1.054, 0.43414, 0.65515, -0.25445, -0.68848, 0.24502, -0.87112, 1.1716, 0.032349, 0.33095, -0.21742, 0.22365, -0.93477][0.090299, -0.1163, -0.44342, 0.126, 0.23906, -1.1956, 0.14715, 0.72252, -0.22749, -0.42475, 0.12471, 0.78745, 0.36487, 0.83765, -1.4885, 1.4055, 0.27804, -0.40823, 0.050153, -0.53172, -0.38989, -0.84001, -0.55154, -0.31069, 0.71249, -0.093191, 0.19003, 0.15241, 0.43758, -0.65747, -0.55185, -0.60543, 0.91964, -0.4724, 0.21077, -0.41204, 0.04745, 0.0013896, 0.41171, -0.35044, 0.3652, 0.38099, 1.2778, -0.58454, 0.090409, -0.28, 0.30755, 0.40133, 0.57735, 0.71906, 0.87717, -0.26151, -0.12875, 0.026353, -0.28273, -0.57687, 0.38813, -0.52926, -0.73723, -0.79646, 0.45246, -0.21288, -1.7615, -0.017959, 0.29834, -0.66684, 1.3285, -1.1454, -1.4092, -1.1126, 0.68063, 0.34366, 0.46584, 0.22173, 0.092064, -0.4579, 0.56547, -0.035922, -0.80906, 0.58507, 0.48508, -0.423, 1.0172, -0.52587, -0.18718, -1.2423, 0.47516, 0.8257, 0.16209, -0.79804, 0.58948, 0.17253, -0.96022, -0.92101, 0.82938, -0.019025, 0.70317, 0.2613, -0.093358, 0.22416][-0.095621, 0.020627, 0.081107, 0.43891, -0.41563, -0.016687, -0.050364, 0.92353, -0.41149, -0.83626, -0.23823, 0.44435, 0.19799, 1.1149, -1.3108, 1.3027, 0.72499, 0.065337, 0.41023, -0.91977, -0.2688, -0.36398, 0.76295, 0.17117, 0.19434, 0.15533, 0.75124, -0.021352, 0.36354, -0.40818, -1.0267, -0.99417, 0.18774, -1.1457, 0.19254, 0.20633, -0.7221, -0.039787, -0.07316, -0.65399, -0.46892, 0.58121, 0.71113, -0.37112, 0.12478, -0.39916, 1.1212, -0.43261, 0.43903, 0.84256, 0.98393, 0.4819, -1.1706, 0.016728, -0.61159, 0.15895, -0.55792, 0.029696, -0.024953, -0.66748, 0.99341, 0.29207, -1.7808, -0.70098, 1.2522, -0.63318, 1.2082, -1.2152, -1.3432, -1.4983, 0.11784, 0.14977, -0.074782, 0.41262, 0.32799, -1.1186, 0.18209, -0.45159, 0.33721, -0.012699, 0.14425, 0.0085249, 0.72108, -0.18962, 0.34957, -0.87212, 0.55526, 1.3565, -0.089279, -0.73142, 0.38746, -1.2917, -0.44157, -0.47172, 0.38968, 0.16104, 0.38187, 0.0056914, -0.26423, -0.22794][-0.56496, 0.91092, 0.10074, -0.69071, 0.093087, -0.2157, 0.67701, 0.31872, -1.4119, -0.82149, -0.561, 0.11167, 0.1078, 0.48387, -0.69793, -0.18936, 0.96351, 0.16052, -0.6898, -1.1356, -0.1264, -0.94265, -0.66343, 0.097357, 0.74658, 0.15582, -0.36881, 0.7865, 0.022249, -0.22374, -0.89827, -0.24904, 0.99639, -0.144, 0.64636, -0.15906, -0.53588, 0.19475, 0.33239, -1.4334, -1.4798, 0.01908, 0.87975, -0.34064, -0.80895, -0.78526, 0.96708, 0.15445, 0.87919, 0.17222, -0.22559, 0.30349, 0.47345, 0.12662, -0.86599, 0.89363, 1.1538, -0.89351, -0.45066, -0.87597, 0.44134, -0.15567, -1.2286, -2.0457, 1.3109, -0.83034, 1.0814, -0.63053, -1.4257, -2.0183, -0.081566, 0.90619, -0.16094, 0.57353, 0.13077, -0.54658, 0.90412, -0.05055, -0.2906, 0.49363, 0.83932, -0.84864, 1.0019, -0.059018, 0.3054, -0.45131, -0.45371, 1.7568, 0.095056, 1.331, 0.39283, -0.13737, 0.077733, 0.1486, 1.1058, 1.6272, -0.14391, -1.049, 0.7316, -1.2087][0.21043, 0.55781, 0.011635, 0.25913, 0.16835, -0.15895, -0.45213, 0.72401, -0.22382, -1.2526, 0.61842, 0.55554, -0.057913, 0.23606, -0.91656, 0.69899, 0.56299, 0.14229, -0.8401, -0.75689, 0.20404, -0.62768, 0.50028, -0.2387, -0.69223, -0.050936, -0.62798, -0.31303, 0.67662, 0.027795, 0.14069, -0.80885, 0.8499, -0.68374, 0.41915, -0.35809, -0.17244, -0.54882, 0.26517, -0.96088, -0.76833, 0.001255, 0.9612, 0.55301, 0.95234, -0.043823, 0.44488, 0.11316, 0.54901, 0.04707, 0.33552, 0.0060154, -1.1781, -0.40539, -0.62551, 0.40183, 0.34444, -1.1745, -0.23292, -0.58156, 0.63958, 0.52751, -0.94533, -0.6796, 0.58751, -0.89938, 1.1901, -0.80698, -1.5023, -1.8952, 0.44731, 0.70872, -0.61446, 0.72207, 1.0505, -1.1571, 0.66033, 0.11277, -1.2734, 0.14485, 0.17657, -0.41454, 1.5126, 0.29205, -0.53165, -0.90013, 0.075363, 1.054, 0.43414, 0.65515, -0.25445, -0.68848, 0.24502, -0.87112, 1.1716, 0.032349, 0.33095, -0.21742, 0.22365, -0.93477][-0.010678, -0.22412, 0.048202, -0.29142, -0.29449, 0.49504, 0.41104, -0.40642, -0.83049, -0.47484, 0.12041, 0.58656, -0.17425, 0.59474, -0.16059, 0.093771, 0.15583, -0.25102, -0.087883, -1.1547, -0.20832, -0.93701, 0.41466, 0.04362, -0.77959, 0.23926, -0.19195, -0.027406, -0.082267, -0.39171, 0.40625, -1.063, 0.15716, -0.80293, -0.051401, 0.33987, -0.10007, -0.20297, 0.37242, -0.34634, -1.4556, -0.30337, -0.0081178, -0.94354, 0.80593, -0.29111, 1.0067, 0.30175, 0.89072, 0.41112, 0.13598, -0.19357, -0.88893, -0.0857, -0.20336, 0.59652, 0.28164, -1.0899, 0.2211, -1.5312, 1.0265, 0.055862, -0.52077, -0.72036, 0.46007, -1.1038, 2.1222, -1.0344, -0.99157, -1.5969, 0.74295, 1.2976, 0.53549, 0.30113, 0.91304, -0.83641, 0.081846, -0.57893, -0.23781, 0.4112, 1.038, -0.5946, 1.2675, -0.1803, -0.021077, -0.30223, 0.12939, 1.4072, 0.77455, -0.14433, -0.095268, 0.31934, 0.011821, 0.25724, 1.0664, -0.35549, -0.13509, 0.21128, -0.25212, -0.17618][-0.56496, 0.91092, 0.10074, -0.69071, 0.093087, -0.2157, 0.67701, 0.31872, -1.4119, -0.82149, -0.561, 0.11167, 0.1078, 0.48387, -0.69793, -0.18936, 0.96351, 0.16052, -0.6898, -1.1356, -0.1264, -0.94265, -0.66343, 0.097357, 0.74658, 0.15582, -0.36881, 0.7865, 0.022249, -0.22374, -0.89827, -0.24904, 0.99639, -0.144, 0.64636, -0.15906, -0.53588, 0.19475, 0.33239, -1.4334, -1.4798, 0.01908, 0.87975, -0.34064, -0.80895, -0.78526, 0.96708, 0.15445, 0.87919, 0.17222, -0.22559, 0.30349, 0.47345, 0.12662, -0.86599, 0.89363, 1.1538, -0.89351, -0.45066, -0.87597, 0.44134, -0.15567, -1.2286, -2.0457, 1.3109, -0.83034, 1.0814, -0.63053, -1.4257, -2.0183, -0.081566, 0.90619, -0.16094, 0.57353, 0.13077, -0.54658, 0.90412, -0.05055, -0.2906, 0.49363, 0.83932, -0.84864, 1.0019, -0.059018, 0.3054, -0.45131, -0.45371, 1.7568, 0.095056, 1.331, 0.39283, -0.13737, 0.077733, 0.1486, 1.1058, 1.6272, -0.14391, -1.049, 0.7316, -1.2087][-0.40747, -0.23971, -0.13692, -0.26816, -0.13925, 0.10325, 0.018408, 0.014301, 0.13745, -0.84788, -0.86617, 0.47328, 0.33146, 0.1034, -0.20543, 0.25805, -0.025526, 0.36597, 0.63879, -0.64141, -0.22891, -0.19483, -0.26496, -0.55464, 0.60382, 0.93085, -0.12837, -0.26552, -0.59095, 0.512, -0.28689, -0.65012, 0.77395, 0.047937, 0.35271, 0.13764, -0.4845, -0.57076, 0.65609, -0.10192, 0.013861, -0.4749, 0.55298, 0.16004, -0.73231, -0.072856, 0.44015, 0.06292, -0.28031, 0.41129, 0.19604, -1.3732, -1.0767, 0.49293, -0.74509, 0.78441, 0.76692, -0.38624, -0.17942, -1.0313, -0.62582, -0.53871, -0.92963, -0.29322, 0.84713, -1.2309, 0.38389, -0.47147, -0.51773, 0.066555, -0.080582, 0.70179, 0.96212, -0.41026, 0.88957, -1.3462, -1.4372, 0.92218, -0.82006, -0.81846, 0.45762, -0.23008, 0.50424, 0.063879, -0.31496, -0.77515, 0.39505, 0.026974, -0.021078, 0.097078, -0.19365, -0.35283, 0.26698, -0.64161, 0.46015, 0.33759, -0.65401, -0.15624, 0.46035, 0.069945][-0.99787, 0.072024, -0.31309, -0.58057, 0.028094, -0.10183, 0.80565, -0.95281, -1.432, -0.24668, -0.90939, 0.67121, 0.59529, -0.30495, -0.20502, 0.28373, 1.211, -0.13298, -0.44889, -0.46516, -1.3487, 0.30677, 0.44914, 0.34006, 0.18137, -0.16223, -0.22064, -1.1647, 0.65, 0.34362, -0.71782, -0.48756, 0.02496, -0.26358, 1.132, -0.25838, -0.33792, -0.42478, 1.0522, -0.69333, -1.4096, -1.1863, 0.83587, -0.44771, -0.66207, -0.076167, 0.27406, -0.27029, 1.0299, 0.78453, -0.66685, -0.3125, -0.040226, -0.33145, -1.1522, 0.67115, 0.35995, -0.12664, -0.52566, -0.17867, -0.063697, -0.75029, -1.4543, -1.5287, 0.58881, -0.28448, 0.99168, 0.025267, -0.23658, -1.0558, 0.54221, 0.96482, 0.39087, 0.78179, 0.40329, -0.29741, 0.036786, 1.5559, -0.21923, -0.10822, -0.011829, -0.60184, 0.47672, -0.49815, 1.5473, -0.14626, 0.10705, 0.84501, -0.016635, 1.1555, -0.10988, 0.079408, -0.39109, 0.014385, 1.3854, 1.4804, -0.33138, -0.81835, 0.76897, -0.95153][-0.63595, 0.75975, -0.8104, 0.50849, 0.25879, -0.33622, -0.83425, 0.30374, -0.92739, -0.77233, -0.3068, 0.22217, 0.30207, 0.007895, -0.94845, 1.4372, 0.6205, -0.27042, 0.37327, -0.83517, -0.73765, -0.26175, 0.40323, 0.56662, 0.24529, 1.4033, 0.57427, -0.24521, 0.35617, 0.042973, -0.94778, 0.091361, 0.78121, -0.24762, 0.77631, -0.077586, -0.90622, -0.69143, 0.17431, -0.50381, -0.34751, -0.74712, 1.5416, 0.49997, 0.2133, -0.23782, 0.18579, -0.33133, 0.16801, 0.81232, 0.78011, 1.0658, -0.5331, -0.0043444, -0.41809, 0.44313, -0.55324, -0.13876, -0.45028, -0.89665, 0.80729, -0.43942, -2.054, -1.0219, 0.52201, -0.23497, 1.1866, -1.5121, -1.2866, -1.0768, 0.65495, 0.0058633, -0.36856, 0.57738, 0.13898, -1.0702, 0.14444, -0.019829, -0.23454, -0.34169, 0.020007, -0.20211, 0.76982, 0.2042, -0.82381, -0.60937, 0.79365, 0.87253, 0.21512, -1.0396, 0.04446, -0.52331, -0.84842, 0.47479, 1.5894, -0.27141, 0.2129, -0.10121, -0.063486, -0.85184][-0.98539, -0.23071, -0.0079233, -0.55025, 0.91923, 0.13092, -0.28841, 0.93888, -0.16496, -0.64513, 0.069167, 0.30853, -0.68139, -0.15624, 0.10933, 0.71973, 0.11635, 0.82283, 0.61555, 0.19674, -0.425, -0.65131, 0.18195, -0.27339, 1.5815, 0.97605, -0.61469, 0.17972, 0.79722, -0.23738, -0.082694, -1.3268, 0.81333, 0.49139, 0.057909, -0.7035, 0.20843, -0.69162, -0.0007276, 0.40344, -0.77294, -0.86946, 0.39773, 0.41116, -0.72096, -0.051526, 1.2876, -0.22205, 0.62316, 0.45113, -0.08597, -0.50726, -0.098405, -0.41108, -0.99497, 0.03825, 0.085143, 0.3326, 0.26935, -0.40254, -0.32642, -0.61335, -0.49126, -0.39636, 1.2612, -0.91659, 0.40576, -0.39685, -0.41246, -0.16998, 0.94812, -0.53004, 0.55539, 0.59993, 0.23548, -1.5337, 0.19026, 0.12553, -0.018555, 1.3411, -0.24358, -0.36567, 0.021226, 0.11366, 0.50844, 0.41962, 0.56555, -0.05768, -0.63893, 0.25914, -0.4605, 0.02404, -1.1174, -0.16576, 1.2784, -0.24334, -0.48808, -0.0084583, 1.2879, -0.64608][-0.69729, 0.25558, 0.1739, 0.40127, 0.36532, 0.023426, -0.021369, 0.59099, 0.022885, -0.19451, -0.17252, -0.17022, -0.34119, 0.53086, 0.053179, 0.2848, 0.60187, 0.056977, -0.51074, -0.089519, 0.14739, -0.19298, -0.034272, 0.3741, -0.10809, 0.23199, -0.00082572, 0.67454, 0.34255, -0.66334, -0.67238, -0.14354, 0.75345, 0.016222, 0.35634, 0.43262, -0.12777, 0.15213, -0.067916, -0.013286, -0.11516, 0.31469, 0.077907, -0.28554, 0.027709, -0.10961, 0.63454, 0.56027, 0.47185, 0.30771, 0.88029, -0.79131, -0.048122, 0.58972, 0.29683, 0.15425, -0.74459, -0.6579, 0.52635, -0.7626, 0.36135, -0.66357, -0.42208, 0.41862, 0.36696, 0.19329, 0.42485, -0.33912, -0.53299, -0.44379, 0.046579, 0.53434, -0.066525, 0.43528, 0.18017, -0.66755, 0.35919, 0.079466, -0.37288, -0.90327, 0.45501, 0.64217, 0.20656, 0.036883, -0.44638, 0.063705, 0.12957, 0.88767, 0.032319, -0.70711, 0.011205, -0.40805, 0.054123, 0.96857, 0.36511, 0.0095171, 0.31959, 0.14143, -0.088186, -0.30754][-0.13825, 0.018322, -0.034907, -0.29432, 0.71086, 0.12667, 0.062756, 0.14742, -0.11778, -0.70017, -0.095384, -0.01115, 0.23387, 0.19611, 0.61339, 0.052107, 0.57497, 0.26135, 0.14705, -0.38312, 0.54636, 0.68184, 0.10301, 0.23283, 0.244, 0.19756, -0.29858, -0.010734, 0.13121, -0.059633, -0.56094, 0.041711, 0.33905, -0.28411, -0.34372, 0.71199, 0.84919, 0.34407, 0.4638, -0.15474, -0.92123, -0.45061, 0.098033, 0.1114, -0.2885, -0.49335, 0.84096, -0.2848, 0.31201, 0.55492, 0.05054, 0.27531, -0.24685, 0.15395, -0.76577, 0.3246, -0.32382, 0.010695, 0.3239, -0.85423, 0.53815, -0.93716, -0.14316, 0.11193, 0.23207, -0.58588, 0.11614, -0.94771, -0.17217, -0.75847, 0.99114, 0.50244, 0.62199, -0.10122, -0.50295, -0.49616, -0.55465, 0.36345, -0.021827, 1.2537, -0.14402, 0.47882, 0.088263, -0.268, -0.20266, 0.26917, 0.60629, -0.029071, 0.16116, -0.063497, 0.14204, 0.029837, 0.36319, 0.82553, -0.19461, 0.22263, -0.72466, 0.61573, -0.12552, -0.22726][-0.25209, 0.25178, 0.14478, -0.14453, 0.071575, -0.081252, -0.062973, 0.26896, -0.25456, -0.011985, -0.18135, -0.029401, 0.097292, 0.24673, -0.5354, 0.25139, 0.91145, 0.14017, -0.0045332, -0.40174, -0.57815, 0.49454, 0.46235, -0.20324, 0.059266, 0.07748, -0.11956, -0.051692, 0.34255, -0.32763, -0.5166, -0.15021, 0.39758, -0.028938, -0.082569, -0.037342, 0.16256, 0.22974, 0.39059, -0.22167, -0.36568, 0.012848, 0.39387, 0.14808, 0.04177, -0.72057, 0.13, -0.0097376, 0.22314, 0.64302, 0.70814, 0.55574, -0.09637, 0.28817, -0.18344, -0.26119, -0.06614, -0.11056, 0.080426, -0.59413, 0.11448, -0.51067, 0.0020231, -0.40728, 0.36318, 0.26498, 0.47459, -1.0147, -0.53644, -0.66103, 0.42467, 0.18022, 0.072454, 0.27049, -0.096148, -0.04964, -0.44801, 0.18855, 0.24227, 0.1569, -0.15826, -0.13699, 0.4567, -0.22989, -0.29714, 0.0059391, 0.32011, -0.03779, -0.42808, -0.40337, 0.074943, -0.34851, 0.16099, 0.82823, 0.18232, -0.1502, 0.17918, 0.39612, 0.2911, -0.18469][-0.37384, -0.089919, -1.0098, 0.473, 0.47557, 0.059664, -0.14172, 0.39875, 0.48654, -0.21396, -0.50223, -0.081438, -0.0097033, -0.048407, -0.15998, -0.85489, 0.39837, 0.28568, -0.0025569, -0.42006, -0.11277, 0.20501, 0.4312, 0.97286, 0.81123, 1.0422, -0.19252, -0.80897, 0.26593, -0.1096, -0.33885, 0.014026, -0.29195, 0.32682, 0.71052, 0.79369, 0.88482, -0.052547, 1.0627, -0.62378, -0.64804, -0.78358, 0.023353, -0.68398, 0.29491, -0.049289, 0.67894, -0.17819, 0.18897, 0.63628, 0.45509, -0.26991, -0.37558, -0.33449, -0.043941, 0.97241, -0.42145, -0.26568, 0.53513, -0.52549, 0.43477, -0.00068521, -0.71168, -0.48641, 0.49143, -0.72914, 0.42428, -0.98217, -0.99215, -0.71587, 1.2419, -0.32849, 0.44465, 0.31739, -0.17641, 0.14069, -0.19611, -0.43651, -0.41436, 0.57884, 0.032748, -0.0039634, -0.33346, -0.69662, 0.1406, 0.52787, 1.2263, -0.013961, -0.10747, -0.3405, -0.703, -0.39423, 0.26118, 0.24784, -0.20522, 0.11353, -0.82155, -0.26218, -0.054453, 0.40135][0.15914, -0.34834, 0.51698, 0.15458, 0.20941, -0.0070662, -0.35431, 0.17203, 0.39122, 0.045251, -0.67392, 0.037486, 0.20348, 0.6532, -0.16992, 0.018033, 0.90946, -0.038877, 0.11881, -0.38138, -0.31874, 0.46499, 0.25499, 0.0097966, 0.17127, -0.069882, 0.073009, 0.040243, 0.42354, -0.11891, -0.31697, -0.16624, 0.3741, -0.6457, 0.2573, 0.26458, 0.26859, 0.23951, 0.74199, -0.05042, -0.20832, -0.73977, 0.24906, -0.051367, 0.082548, -0.52883, 0.69724, -0.3431, -0.27067, 0.71657, 0.48501, 0.57274, -0.30392, -0.32998, -0.35304, 0.20295, -0.22539, -0.15342, 0.48976, -0.53517, 0.40254, -0.45821, -0.050306, 0.038253, 0.048437, -0.18784, 0.77981, -1.3086, -0.3834, -0.31149, 0.57952, 0.4683, -0.037797, 0.20045, -0.15575, -0.2793, -0.38278, 0.64882, -0.46597, 0.90168, 0.030475, -0.62302, 0.66889, 0.37336, -0.12835, 0.063037, 0.69542, -0.047161, -0.0472, -0.58918, 0.16272, -0.49409, -0.077177, 0.66015, 0.4487, -0.047173, -0.37708, 0.13788, -0.11196, -0.17248]
22[-0.50014, -0.64232, 0.87626, 1.0682, -0.464, 1.1926, 0.64814, -0.1576, -0.58759, -0.29939, -0.79914, -0.49471, 0.030277, -0.47504, -0.26998, 0.40216, 0.8373, -1.3067, -0.028098, 0.12369, -0.48729, -0.14815, -0.83192, 0.96186, 0.90333, 1.2705, -0.066752, 0.41425, 1.1393, -0.72602, 0.22634, -0.014118, 1.2937, -0.61172, 1.3548, -0.55914, -0.051931, -0.21783, 1.1652, 0.22484, 0.046683, -0.95013, 0.12577, 0.25263, -0.62934, 0.71792, 0.47727, 0.10138, 0.076254, 0.42636, -0.027184, 0.048035, 0.65282, -0.36776, -0.81727, 0.47586, -0.86071, -1.1587, 0.21209, 0.27448, 0.44377, 0.56425, 0.62324, -0.11759, 1.2737, -1.7672, 0.67849, 0.10862, 0.19152, -1.1691, 0.84906, 0.054804, 0.99577, 0.25618, 0.26905, -1.7739, 0.50397, 0.81188, 0.1837, 0.090901, 0.57396, 0.52909, -0.043071, -0.060738, -0.15346, -0.73126, 0.69266, 0.2884, 0.7683, 1.0835, 0.57132, -0.33508, -0.5804, -0.11633, -0.21568, 0.34281, 0.15573, 0.88802, 1.603, 0.14896][0.002357, 0.31492, -0.16828, 1.8244, 1.577, -0.41158, -0.67503, 1.5555, -0.76259, 0.22223, 0.4265, -0.15363, -0.10913, 0.36256, -0.58923, 0.68496, 0.89472, -0.087354, 1.3775, 0.17213, -0.56619, 0.63899, -0.76782, 0.092456, 1.4408, -0.18711, -0.33497, 0.50874, 0.83952, -0.5349, -0.38415, -0.37396, 0.49849, 0.11401, 1.18, 0.17802, 1.0584, -0.48735, 0.95772, -0.38799, 0.63903, -0.46982, 0.17373, 1.0767, -0.87507, 1.4743, 0.97033, 0.86681, -0.10363, 0.68534, -0.73445, 0.58605, 0.46414, 0.33232, -0.46097, -0.56835, 0.45912, -0.55694, -0.20742, -0.72158, -0.076571, -0.82236, -0.65068, -0.36432, 0.95227, 0.24628, 1.3231, 0.053443, -0.63067, -0.11785, 0.97312, -0.17208, -0.38391, -1.0017, 0.08866, -1.1583, 0.68836, 0.43505, -0.50745, -0.85987, -0.082515, 0.13803, 0.42485, -0.024371, -1.6477, -1.4555, -0.9903, 1.4361, -0.20168, -1.147, -0.35859, -0.68505, -0.68174, -1.6434, 0.46879, 0.55496, -0.30331, 0.47843, -0.20824, -1.0475][-0.64981, -0.77387, 0.87098, 0.10963, -0.27483, 0.4338, -0.22191, 0.51825, -0.68675, -0.59296, -0.20213, 0.28173, 0.047751, -0.83615, -0.3662, -0.34148, 0.12422, -0.036542, 0.2708, 0.23084, -0.69189, -0.9442, -0.16789, -0.38683, 0.8169, 0.64389, -0.13363, 0.64733, 0.48236, -1.0587, 0.507, -0.27663, 1.0167, 0.49284, 1.4794, -0.23458, 1.0257, 0.078379, 1.1362, -0.18504, 0.41589, 0.2685, 0.10282, -0.83164, -0.99706, 0.75103, 1.4038, -0.26812, 0.50836, -0.58314, 0.31734, 0.68467, -0.14792, 0.11603, -0.6545, -0.22409, 0.038857, -0.50485, -0.38503, -0.55253, -0.1949, -0.22799, 0.018571, -0.69713, 0.24032, -0.38577, 0.57114, 0.37193, -1.1533, -0.31762, 0.93498, 0.032503, 0.44725, 0.51331, 1.2953, -0.2621, 0.26431, -0.6133, 0.16095, -0.29952, -0.57095, -0.045007, 0.23185, 0.81485, -0.45685, -0.23371, -0.31556, 0.46459, 0.87211, 0.0050261, -0.29495, 0.33516, 0.72517, 0.025857, -0.29903, 1.5286, 0.20163, 0.022978, 0.40924, 0.3086][-0.40025, -0.49349, 0.61352, -0.33786, -0.98938, -0.14766, -0.31542, -0.28021, 0.038347, -0.17848, 0.28738, 0.73337, 0.50471, -1.5286, -0.00059931, 0.33952, 0.2625, 0.27271, 0.21534, 0.047821, -0.42386, -0.26446, -0.87978, 0.045541, 0.0055459, 0.29687, -0.51625, 0.56628, 0.22986, -1.315, 0.74071, -0.36312, 0.8462, 0.19014, 1.6189, -0.12186, 0.47629, 0.01086, 1.9328, -0.34296, -0.67304, -0.36874, -0.094297, -0.52038, -0.2468, 0.36914, 0.93175, 0.14362, 0.3026, -0.63821, 0.1721, -0.16823, -0.40561, 0.077321, -0.75537, 0.039329, 0.33232, -1.1021, -0.033221, -0.88973, -0.22343, -0.78875, -0.10177, 0.24865, 0.81019, -0.84542, 0.32403, 0.35163, -0.52526, -0.10911, 0.34597, -0.45777, -0.47245, 0.67146, 0.47745, -0.16313, 0.04902, -0.60345, -0.2936, -0.42129, -0.46879, -0.57656, 0.61893, 0.74677, -0.24928, 0.065319, 0.29641, -0.10044, 0.92315, -0.28149, 0.25049, -0.7861, 0.39693, 0.071793, 0.32524, 0.99856, -0.38579, 0.55364, 0.64324, -0.058626][-0.46636, -0.77669, 0.55, 0.827, -0.4876, 0.29955, -0.25893, 0.39806, 0.52407, 0.17847, -0.42244, 0.1906, -0.17239, -1.6181, -1.0347, -0.042207, 0.95712, 0.15523, -0.54959, 0.54415, 0.18604, -0.70422, 0.15676, 0.31661, 0.64724, 0.60748, -0.035825, 0.080391, -0.28434, -0.50114, 0.2368, -0.43469, 0.42169, -0.46832, 1.6377, 0.4397, -0.19459, 0.87317, 1.0907, -1.1959, 0.30678, -0.15786, -0.8237, -0.27622, -0.29122, 0.95469, -0.38867, 0.11298, 0.72667, 0.34587, -0.14169, 0.10658, -0.90041, -0.70103, -0.78204, -0.36896, -0.91854, -0.65614, 0.023895, -0.71356, -0.91751, -0.38088, 0.034902, -0.25674, -0.24954, -1.3687, 0.45978, 0.26358, -0.27589, -1.1808, 0.906, 0.48116, 0.55938, 0.16816, 0.20896, -0.61864, 0.29045, -0.44804, -0.24767, -0.080157, 0.17713, 0.076285, 0.46388, -0.43076, -0.4703, -0.10899, 0.54214, 0.47143, 0.05168, 0.97923, -1.0607, -0.53171, -0.33221, -0.25875, 0.053959, 0.85302, -0.14215, -0.67756, -0.7202, 0.15148][-0.81764, 0.3508, 0.91574, 1.0363, -0.085484, 0.038615, 0.66868, -0.1447, 0.31062, 0.080795, -0.25111, -0.24502, -0.64432, -0.11574, -1.0297, 1.1118, 0.60089, -0.85654, -1.0585, -0.76214, 0.42221, -0.3737, 0.38271, -0.057873, 0.5444, 0.18311, 0.3966, -0.637, -0.63095, -0.29523, -0.18606, -0.4502, 0.19977, -0.67575, 1.8006, 0.51359, 0.27056, 0.39661, 1.5807, -0.41979, -0.55109, 0.11526, -0.79299, -0.030465, -0.11597, 0.55698, 0.29189, 1.1642, 0.19316, -0.21978, -0.90033, -0.37918, -1.344, -0.37643, -0.85923, -0.0092973, -0.46884, -0.51136, -0.44518, -0.49279, -0.25558, -0.61059, 0.16819, 0.64808, -0.29457, -2.0984, 0.37504, -0.58951, -0.51202, -0.62993, 0.64591, 0.48889, 0.53116, -0.011188, -0.064044, -1.165, 0.38683, -0.50337, -0.4419, 0.12413, 0.43368, 0.31223, 0.88555, -0.084572, -0.29245, -0.19265, 2.0459, -0.13077, -0.38915, -0.41498, -0.41345, -0.26524, -0.41648, 0.16325, 0.42716, 0.36137, -0.38119, -0.29586, -0.58328, -0.20794][-0.46636, -0.77669, 0.55, 0.827, -0.4876, 0.29955, -0.25893, 0.39806, 0.52407, 0.17847, -0.42244, 0.1906, -0.17239, -1.6181, -1.0347, -0.042207, 0.95712, 0.15523, -0.54959, 0.54415, 0.18604, -0.70422, 0.15676, 0.31661, 0.64724, 0.60748, -0.035825, 0.080391, -0.28434, -0.50114, 0.2368, -0.43469, 0.42169, -0.46832, 1.6377, 0.4397, -0.19459, 0.87317, 1.0907, -1.1959, 0.30678, -0.15786, -0.8237, -0.27622, -0.29122, 0.95469, -0.38867, 0.11298, 0.72667, 0.34587, -0.14169, 0.10658, -0.90041, -0.70103, -0.78204, -0.36896, -0.91854, -0.65614, 0.023895, -0.71356, -0.91751, -0.38088, 0.034902, -0.25674, -0.24954, -1.3687, 0.45978, 0.26358, -0.27589, -1.1808, 0.906, 0.48116, 0.55938, 0.16816, 0.20896, -0.61864, 0.29045, -0.44804, -0.24767, -0.080157, 0.17713, 0.076285, 0.46388, -0.43076, -0.4703, -0.10899, 0.54214, 0.47143, 0.05168, 0.97923, -1.0607, -0.53171, -0.33221, -0.25875, 0.053959, 0.85302, -0.14215, -0.67756, -0.7202, 0.15148][-0.46636, -0.77669, 0.55, 0.827, -0.4876, 0.29955, -0.25893, 0.39806, 0.52407, 0.17847, -0.42244, 0.1906, -0.17239, -1.6181, -1.0347, -0.042207, 0.95712, 0.15523, -0.54959, 0.54415, 0.18604, -0.70422, 0.15676, 0.31661, 0.64724, 0.60748, -0.035825, 0.080391, -0.28434, -0.50114, 0.2368, -0.43469, 0.42169, -0.46832, 1.6377, 0.4397, -0.19459, 0.87317, 1.0907, -1.1959, 0.30678, -0.15786, -0.8237, -0.27622, -0.29122, 0.95469, -0.38867, 0.11298, 0.72667, 0.34587, -0.14169, 0.10658, -0.90041, -0.70103, -0.78204, -0.36896, -0.91854, -0.65614, 0.023895, -0.71356, -0.91751, -0.38088, 0.034902, -0.25674, -0.24954, -1.3687, 0.45978, 0.26358, -0.27589, -1.1808, 0.906, 0.48116, 0.55938, 0.16816, 0.20896, -0.61864, 0.29045, -0.44804, -0.24767, -0.080157, 0.17713, 0.076285, 0.46388, -0.43076, -0.4703, -0.10899, 0.54214, 0.47143, 0.05168, 0.97923, -1.0607, -0.53171, -0.33221, -0.25875, 0.053959, 0.85302, -0.14215, -0.67756, -0.7202, 0.15148][-1.1882, 0.12763, 0.88865, 0.89948, -0.18941, -0.21707, 0.67362, 0.10456, 0.77738, 0.66237, 0.28678, -0.28381, -0.57761, -0.3366, -1.0694, 0.8046, 0.40376, -0.4502, -0.90455, -0.086867, 0.35813, 0.078153, 0.3284, -0.17791, 0.47431, 0.19589, 0.041489, -0.8372, -0.46687, -0.10436, -0.53794, -0.71803, 0.71533, -0.015071, 2.3637, 0.49541, -0.16962, 0.40694, 1.3678, 0.14753, -0.29147, 0.14178, -0.74679, 0.29033, 0.18821, 0.30663, 0.15197, 0.92919, 0.29465, 0.35893, -0.59282, -0.32507, -1.2455, -0.027585, -0.16905, -0.48305, -0.39062, 0.32772, -0.091091, -0.43752, 0.0052016, -0.43086, -0.47916, 0.41814, 0.016003, -1.6727, 0.2614, -0.57583, -0.80418, -1.187, 0.47282, 0.64711, 0.74336, 0.24521, -0.3449, -0.85399, 0.49964, -0.76482, -0.8584, -0.29987, 0.54606, -0.043191, 0.4562, -0.19244, -0.18122, 0.10802, 1.5956, 0.394, 0.035172, 0.12672, -0.57283, -0.21134, -0.46795, -0.20341, 0.57398, -0.21673, -0.43862, 0.30446, -0.41999, -0.51401][-0.46636, -0.77669, 0.55, 0.827, -0.4876, 0.29955, -0.25893, 0.39806, 0.52407, 0.17847, -0.42244, 0.1906, -0.17239, -1.6181, -1.0347, -0.042207, 0.95712, 0.15523, -0.54959, 0.54415, 0.18604, -0.70422, 0.15676, 0.31661, 0.64724, 0.60748, -0.035825, 0.080391, -0.28434, -0.50114, 0.2368, -0.43469, 0.42169, -0.46832, 1.6377, 0.4397, -0.19459, 0.87317, 1.0907, -1.1959, 0.30678, -0.15786, -0.8237, -0.27622, -0.29122, 0.95469, -0.38867, 0.11298, 0.72667, 0.34587, -0.14169, 0.10658, -0.90041, -0.70103, -0.78204, -0.36896, -0.91854, -0.65614, 0.023895, -0.71356, -0.91751, -0.38088, 0.034902, -0.25674, -0.24954, -1.3687, 0.45978, 0.26358, -0.27589, -1.1808, 0.906, 0.48116, 0.55938, 0.16816, 0.20896, -0.61864, 0.29045, -0.44804, -0.24767, -0.080157, 0.17713, 0.076285, 0.46388, -0.43076, -0.4703, -0.10899, 0.54214, 0.47143, 0.05168, 0.97923, -1.0607, -0.53171, -0.33221, -0.25875, 0.053959, 0.85302, -0.14215, -0.67756, -0.7202, 0.15148][-0.45513, -0.55375, 0.7495, 0.53984, 0.11838, -0.17498, 1.0745, 0.013638, 0.51758, 0.69697, -0.59614, -0.38053, -0.38193, -0.30919, -0.9557, 0.60522, 0.39415, -0.53068, -0.78604, 0.077398, 0.4792, 0.10716, 0.098185, -0.40272, 0.40499, 0.49114, -0.42874, -0.43396, -0.22103, -0.53853, -0.31945, -0.12966, 0.63565, -0.69574, 2.6904, 0.50089, 0.29748, -0.047911, 1.2287, -0.37046, -0.36536, 0.51315, -0.32405, 0.3692, 0.23434, 0.68398, 0.49208, 1.2882, -0.26206, 0.40691, -0.17476, 0.13758, -0.60735, -0.037291, -0.23643, -0.47824, -0.83842, 0.61417, 0.10304, -0.91168, 0.36169, 0.096183, -0.35558, 0.10786, -0.46426, -1.4956, 0.033813, -0.61145, -0.28398, -0.91861, 0.34185, 0.29651, 0.8758, 0.6342, -0.48823, -0.80079, 0.24507, -1.0237, -0.66021, 0.18077, 0.54798, 0.045313, 0.83873, -0.22397, 0.023905, 0.54164, 1.0267, 0.73774, -0.12224, -0.18233, -0.52349, -0.82028, -0.75322, 0.25954, -0.29286, -0.51019, -0.15786, 0.67955, 0.41636, -0.39669][-0.40025, -0.49349, 0.61352, -0.33786, -0.98938, -0.14766, -0.31542, -0.28021, 0.038347, -0.17848, 0.28738, 0.73337, 0.50471, -1.5286, -0.00059931, 0.33952, 0.2625, 0.27271, 0.21534, 0.047821, -0.42386, -0.26446, -0.87978, 0.045541, 0.0055459, 0.29687, -0.51625, 0.56628, 0.22986, -1.315, 0.74071, -0.36312, 0.8462, 0.19014, 1.6189, -0.12186, 0.47629, 0.01086, 1.9328, -0.34296, -0.67304, -0.36874, -0.094297, -0.52038, -0.2468, 0.36914, 0.93175, 0.14362, 0.3026, -0.63821, 0.1721, -0.16823, -0.40561, 0.077321, -0.75537, 0.039329, 0.33232, -1.1021, -0.033221, -0.88973, -0.22343, -0.78875, -0.10177, 0.24865, 0.81019, -0.84542, 0.32403, 0.35163, -0.52526, -0.10911, 0.34597, -0.45777, -0.47245, 0.67146, 0.47745, -0.16313, 0.04902, -0.60345, -0.2936, -0.42129, -0.46879, -0.57656, 0.61893, 0.74677, -0.24928, 0.065319, 0.29641, -0.10044, 0.92315, -0.28149, 0.25049, -0.7861, 0.39693, 0.071793, 0.32524, 0.99856, -0.38579, 0.55364, 0.64324, -0.058626][-0.40025, -0.49349, 0.61352, -0.33786, -0.98938, -0.14766, -0.31542, -0.28021, 0.038347, -0.17848, 0.28738, 0.73337, 0.50471, -1.5286, -0.00059931, 0.33952, 0.2625, 0.27271, 0.21534, 0.047821, -0.42386, -0.26446, -0.87978, 0.045541, 0.0055459, 0.29687, -0.51625, 0.56628, 0.22986, -1.315, 0.74071, -0.36312, 0.8462, 0.19014, 1.6189, -0.12186, 0.47629, 0.01086, 1.9328, -0.34296, -0.67304, -0.36874, -0.094297, -0.52038, -0.2468, 0.36914, 0.93175, 0.14362, 0.3026, -0.63821, 0.1721, -0.16823, -0.40561, 0.077321, -0.75537, 0.039329, 0.33232, -1.1021, -0.033221, -0.88973, -0.22343, -0.78875, -0.10177, 0.24865, 0.81019, -0.84542, 0.32403, 0.35163, -0.52526, -0.10911, 0.34597, -0.45777, -0.47245, 0.67146, 0.47745, -0.16313, 0.04902, -0.60345, -0.2936, -0.42129, -0.46879, -0.57656, 0.61893, 0.74677, -0.24928, 0.065319, 0.29641, -0.10044, 0.92315, -0.28149, 0.25049, -0.7861, 0.39693, 0.071793, 0.32524, 0.99856, -0.38579, 0.55364, 0.64324, -0.058626][-0.40025, -0.49349, 0.61352, -0.33786, -0.98938, -0.14766, -0.31542, -0.28021, 0.038347, -0.17848, 0.28738, 0.73337, 0.50471, -1.5286, -0.00059931, 0.33952, 0.2625, 0.27271, 0.21534, 0.047821, -0.42386, -0.26446, -0.87978, 0.045541, 0.0055459, 0.29687, -0.51625, 0.56628, 0.22986, -1.315, 0.74071, -0.36312, 0.8462, 0.19014, 1.6189, -0.12186, 0.47629, 0.01086, 1.9328, -0.34296, -0.67304, -0.36874, -0.094297, -0.52038, -0.2468, 0.36914, 0.93175, 0.14362, 0.3026, -0.63821, 0.1721, -0.16823, -0.40561, 0.077321, -0.75537, 0.039329, 0.33232, -1.1021, -0.033221, -0.88973, -0.22343, -0.78875, -0.10177, 0.24865, 0.81019, -0.84542, 0.32403, 0.35163, -0.52526, -0.10911, 0.34597, -0.45777, -0.47245, 0.67146, 0.47745, -0.16313, 0.04902, -0.60345, -0.2936, -0.42129, -0.46879, -0.57656, 0.61893, 0.74677, -0.24928, 0.065319, 0.29641, -0.10044, 0.92315, -0.28149, 0.25049, -0.7861, 0.39693, 0.071793, 0.32524, 0.99856, -0.38579, 0.55364, 0.64324, -0.058626][-0.56918, -0.501, 0.66101, 0.17412, 0.59408, 0.061576, 1.2023, -0.064138, 0.20807, 0.24628, -0.73758, -0.43148, -0.39999, -0.68262, -1.1587, 0.2509, 0.37763, -0.33457, -1.3524, 0.11259, 0.40357, -0.21433, 0.18574, -1.1594, 0.27682, 0.34011, 0.043128, -0.70117, -0.11792, -0.95957, -0.43841, -0.079205, 0.88954, -1.3419, 2.8494, -0.0046032, 0.87987, -0.64307, 1.4684, -0.33553, -0.57252, 0.80071, -0.38088, -0.11068, -0.090084, 1.2272, 0.72611, 1.7473, -0.24499, 0.22524, -0.19325, 0.16654, -0.49837, 0.11057, -0.8483, -0.19846, -0.51424, 0.26356, -0.1034, -0.59172, 0.13735, 0.43851, -0.27048, -0.055224, -0.60384, -1.4876, -0.098956, -0.74744, -0.55852, -1.3954, -0.20912, 0.053799, 0.66604, 0.50318, -0.47207, -0.71132, 0.078164, -1.4438, -0.96184, -0.041267, 0.55176, 0.057208, 1.2125, 0.37368, -0.28289, 0.62174, 0.7218, 0.8135, 0.20419, -0.79283, -0.67298, -0.73255, -0.81898, 0.055241, -0.38514, -0.7762, -0.49655, 0.11805, 0.49398, -0.67503][-0.40025, -0.49349, 0.61352, -0.33786, -0.98938, -0.14766, -0.31542, -0.28021, 0.038347, -0.17848, 0.28738, 0.73337, 0.50471, -1.5286, -0.00059931, 0.33952, 0.2625, 0.27271, 0.21534, 0.047821, -0.42386, -0.26446, -0.87978, 0.045541, 0.0055459, 0.29687, -0.51625, 0.56628, 0.22986, -1.315, 0.74071, -0.36312, 0.8462, 0.19014, 1.6189, -0.12186, 0.47629, 0.01086, 1.9328, -0.34296, -0.67304, -0.36874, -0.094297, -0.52038, -0.2468, 0.36914, 0.93175, 0.14362, 0.3026, -0.63821, 0.1721, -0.16823, -0.40561, 0.077321, -0.75537, 0.039329, 0.33232, -1.1021, -0.033221, -0.88973, -0.22343, -0.78875, -0.10177, 0.24865, 0.81019, -0.84542, 0.32403, 0.35163, -0.52526, -0.10911, 0.34597, -0.45777, -0.47245, 0.67146, 0.47745, -0.16313, 0.04902, -0.60345, -0.2936, -0.42129, -0.46879, -0.57656, 0.61893, 0.74677, -0.24928, 0.065319, 0.29641, -0.10044, 0.92315, -0.28149, 0.25049, -0.7861, 0.39693, 0.071793, 0.32524, 0.99856, -0.38579, 0.55364, 0.64324, -0.058626][-0.00067733, -0.69046, 0.25628, 1.6884, 0.11374, 0.11346, -0.040783, 0.48411, -0.17781, -0.57934, 0.089004, -0.026723, -0.36113, -1.7687, -0.88874, 0.0039904, 0.21254, -0.076094, -0.28541, -0.58106, -0.25327, -0.11203, -0.48043, 0.13517, 0.9502, 0.50581, -0.48617, 0.40957, 0.075653, -0.99272, 0.48676, -0.48273, 0.19434, -0.32215, 1.2312, 0.39286, 0.49495, -0.1947, 0.72998, -0.28542, -0.44628, 0.60851, 0.36223, -0.28416, -0.9366, 0.7122, 0.23041, -0.30175, 0.90877, -0.27894, 0.45167, 0.41782, -0.015881, -0.51543, -0.26427, -0.28912, -0.2232, -1.0553, -0.71697, -1.024, -0.33404, -0.57268, -0.28067, -0.55452, 0.35949, -1.0639, 0.060287, 0.33131, -0.33491, -0.35997, 0.68346, -0.38226, -0.17092, 0.35999, 0.36541, -0.28559, -0.77554, -0.74938, -0.36209, -0.4034, -0.37547, -0.78716, 0.65346, 0.6269, -0.067762, 0.5209, 0.28577, 0.69838, 0.41563, -0.2973, 0.43104, -0.5935, 0.12398, -0.68325, 0.097352, 0.62807, -0.76909, -0.45248, -0.39947, 0.73385][0.42891, -0.24897, 0.19145, -0.10207, -0.50016, 0.75374, 0.46701, 0.16473, -0.69105, -0.45877, 0.39002, 0.26023, -0.46467, 0.081875, -0.052709, 0.43126, 0.050866, -0.80021, 0.57333, -0.38376, 0.37051, -0.11132, -0.58471, -0.26596, 0.5385, -0.032579, 0.9646, -0.63057, -0.17753, -0.25254, -0.23539, -0.49551, -0.079095, -0.19297, 0.57772, 0.18476, 0.32212, -0.64317, 0.52887, -0.41929, -0.92616, -0.71412, 0.1882, -0.42888, -0.34381, -0.38545, 0.10528, 0.24114, 0.44342, 0.26644, -0.028647, -0.29455, 0.28596, -0.78741, -1.308, 0.046021, 0.19177, -1.103, 0.29718, -1.0281, -0.17518, -0.50775, 0.044829, -0.34279, 0.064356, -0.51343, 0.23868, -0.22862, -0.050274, -0.97624, -0.0092327, -1.0766, 0.60187, -0.29752, 0.65832, -0.24349, -0.24392, 0.084346, -0.29007, 0.59066, 0.18854, -0.18793, -0.086639, 0.14839, -1.4781, 1.1191, 1.0744, -0.092074, 0.5081, -1.2748, -0.38655, -0.13592, -0.047135, -0.089536, 0.65017, 0.721, -0.73996, -0.24932, 0.46029, 0.31065][-0.8124, -0.22929, -0.043218, -0.2424, 0.27525, -0.44182, -0.43975, 0.16682, -0.35955, -0.40136, -0.85071, 0.36581, -0.57864, -0.91781, -0.50913, -0.92044, -0.14161, 0.70614, 0.030176, -0.33225, -0.90129, 0.15076, -0.10637, -0.37569, 0.79026, 0.32013, 0.29907, -0.29566, -0.58097, -0.29126, -0.3501, -0.58594, -0.53534, -0.76272, 0.53825, -0.97166, -0.29415, 0.27912, 1.8994, -0.17995, -0.33847, -0.34303, -0.078222, -0.65884, -1.0661, 0.0093569, 0.23474, 0.28744, 0.21015, 0.48936, -0.2009, -0.59258, 0.54912, 0.37876, -0.98986, 0.26698, 0.58047, -0.57506, 0.25277, 0.62886, -0.11284, 1.0462, -0.14258, -0.45149, 0.74584, -1.1455, 0.43715, 0.37705, 0.44627, -1.1173, 0.96628, 0.69948, 0.89219, -0.74274, 1.6568, -0.8764, -1.1576, -0.17998, 0.06754, 0.2882, -0.52248, -0.60971, 0.32971, -0.3567, -0.68719, -0.85844, 0.21754, 0.052255, 0.60017, -0.62332, -1.2179, -0.10046, -0.41669, 0.39625, 0.48972, 0.83152, -1.0528, 0.062489, 1.6188, -1.5937][-1.2616, -0.39954, -0.36154, -0.10925, 0.66232, 0.24581, 0.18062, -0.52285, -0.047622, -1.3283, -0.10766, -0.16791, 0.97264, -0.096803, -0.051548, 0.25514, -0.15277, -0.59814, 0.43939, -0.5179, -0.14658, 0.25065, -0.47976, -0.86137, 0.61421, 1.3159, 0.59034, 0.057217, 1.0357, -0.8293, -1.011, -0.015361, 0.86982, -0.30711, 1.8229, -0.88581, 0.47295, 0.019633, 0.97156, 0.16313, -0.26458, 0.060402, 0.19744, 0.34295, -0.28508, 0.38179, 1.289, 0.10089, 0.63051, 0.1863, -1.0718, -0.88023, -0.39285, -0.62355, -0.78938, -0.63803, 0.33362, -0.73391, -0.041629, -0.76677, -0.76272, 0.15427, 0.31244, 0.49432, 0.53311, -0.7684, 0.82922, -0.51363, -1.6863, -1.521, 0.84062, -0.26585, 0.40824, 0.87828, -0.088743, -0.58771, 0.76838, -0.71882, -0.75735, 0.1352, 0.58104, -0.64189, 1.0608, 0.43329, -0.23834, 0.33741, 0.76538, 0.79727, 1.6973, 0.58523, -0.38681, 0.054884, -1.8106, -1.0238, 1.3272, -0.59986, -0.084306, 0.34285, 0.72188, -1.2868][-0.21267, -0.35083, 0.18188, -0.50387, 0.22013, -0.5235, -0.33453, -0.13976, -0.25458, -0.7072, -0.65199, 0.42413, 0.76775, -0.20566, 0.47883, -0.60858, 0.12146, -0.20615, 0.25366, -0.65048, 0.2542, -0.40941, -0.067159, -0.58759, 1.3914, -0.92923, 0.24783, -0.95797, 1.2963, 0.17016, 0.67872, -0.77995, 0.6041, -0.34616, 0.85211, -1.0306, 0.70098, 0.054699, 0.93064, 0.26397, -0.94135, -0.71126, 0.91951, -0.59287, -0.74904, 0.28759, 0.00094286, 0.72913, -0.35128, -0.2328, -0.45868, -0.11113, -0.63079, -0.25658, -1.0864, -0.028039, 0.75142, -0.069806, 0.13661, 0.27036, -0.23167, -0.43056, -0.37331, -1.0856, 0.43493, -1.27, 1.3105, 0.42276, -0.45681, -1.0524, 0.3824, 0.21263, 0.24152, 0.69606, 0.80142, -1.1946, -0.7168, 0.47347, -0.048854, 0.97357, -0.054008, -0.46303, 1.1109, -0.46179, -0.81698, -0.58183, 0.83372, -0.13983, 0.36551, -0.44318, -0.6319, 0.39058, -0.30279, -0.88809, -0.31956, 0.38598, -0.34545, -0.23116, 0.018306, -1.3194][-0.45741, -0.43442, -0.78474, -0.22499, 0.27216, 0.57169, -1.4432, -1.2951, -0.35901, -0.67671, -0.054815, 0.69575, 0.60216, -0.14103, -0.046608, 0.38711, -0.31366, 0.78313, 0.52047, -0.52195, 0.63598, 0.56756, -0.81735, -0.82865, 0.60008, 0.82656, -0.64621, 0.28484, 0.90151, -0.19653, 0.66287, -0.20186, 0.52267, -0.55964, 1.0018, -0.5271, 0.58853, 0.31115, 1.27, -0.32506, 0.12743, -0.96162, -0.24408, -0.50165, -0.19354, 0.40007, -0.046473, 1.2413, -0.66421, 0.48941, -1.6008, 0.17519, -0.78642, 0.39015, 0.30064, -0.45782, 1.0367, 0.14927, 0.058493, -1.3541, 0.37861, -0.43932, -0.45427, -0.84402, 0.46761, -0.77304, 0.23049, -0.38361, 0.1978, -0.7961, 0.2009, 0.27641, 0.82823, -0.08668, 0.67093, -0.44011, 0.083831, 1.8817, -0.78806, 0.52724, 0.5787, -0.47797, 1.2937, 0.083801, 0.061916, -0.38217, -0.029495, -0.40481, 1.3118, -0.66771, -0.62683, 0.71943, -0.96775, -0.090017, 0.14581, 0.90642, -1.6793, -0.17293, 1.0073, -0.21546][-0.82932, -0.013223, -0.10083, -0.042783, 0.64377, -0.35008, -0.49452, 0.062306, -0.47687, -0.14309, -0.70254, 0.95548, 0.54331, -0.23304, 0.06556, -0.3211, -0.44431, 0.21111, 0.44484, -1.6516, -0.63262, 0.0034567, -0.38661, -0.13574, 1.4356, -0.012215, -0.20829, 0.083027, 0.8084, -0.46561, 0.57286, -0.1376, 0.17175, 0.13014, 1.0321, -1.3591, 0.12347, 0.59535, 1.3572, -0.081319, 0.57972, -0.52055, -0.16443, -1.3657, -0.45211, 0.82654, 0.8976, 0.63933, 0.87911, -0.47677, -0.74924, 0.20522, -1.3081, -0.010918, -0.54349, -0.41125, 1.1765, -0.31438, -0.55132, 0.19926, -0.69237, 0.13157, -0.46338, -0.90123, 1.0905, -1.341, 0.012823, 0.31663, -0.070638, -0.80254, 0.33162, 0.49439, 0.24867, -0.42598, 1.1642, -1.1604, -0.078476, 0.76946, -0.35329, 1.5941, 0.34908, -0.41716, 1.1989, 0.14079, -0.082688, -0.62971, 1.0169, 0.15207, 0.92652, -0.75871, -1.458, 0.7208, -0.77893, -0.7816, 0.12538, 0.53502, -1.2045, 0.21185, 0.33807, -1.4302][-0.60543, -0.52394, 1.0933, 0.023313, 0.24211, -0.10942, 0.58173, -0.64835, -0.19111, -0.49782, -0.50115, 0.080453, -0.057875, 0.23177, -0.3049, -0.18691, 0.47284, -0.71872, 0.22239, -0.29224, -0.045084, -0.090131, -0.37953, -0.34814, -0.03854, 0.37872, 0.55098, -0.29965, 0.55834, -0.67603, -0.28668, -0.14197, 0.64819, -0.62367, 1.905, -0.82972, 0.2857, -0.42937, 1.352, 0.39934, 0.53711, 0.26303, 0.073998, -0.61386, -0.79446, 0.24584, 0.80478, 0.82054, -0.78807, -0.10566, -0.58303, 0.043121, -0.15584, -0.0135, -0.61518, -0.11429, 0.47702, -0.34123, -0.5704, 0.39239, -0.013898, 0.076494, -0.39623, 0.086405, 0.34405, -0.77135, 0.66301, 0.84284, -0.68053, -0.69165, 0.79633, -0.47774, 0.71385, 0.48306, 0.23452, -0.68771, -0.60194, -0.26797, -0.90032, 0.70742, 0.134, -0.36356, 1.1071, 0.21785, -0.76291, -0.36711, 0.72634, -0.13557, 0.83278, -0.87139, -0.87776, -0.35235, -0.67191, -0.28972, -0.4594, -0.089212, -0.40364, 0.19253, 0.56865, -0.16698][-0.34044, -0.10969, -0.060556, -0.45722, -0.038118, 0.71483, 0.35773, 0.40441, -0.77846, -1.2679, -0.42261, -0.58512, 0.085163, -0.57036, -0.74179, 0.17054, 0.95457, -0.54267, 0.15186, -1.0047, -0.36784, 0.33446, 0.17675, 0.15314, 0.094506, -0.64509, 0.14665, 0.42476, 0.4546, -0.45502, -1.9942, -0.69668, -0.37451, 0.20244, 0.65689, -0.1325, 0.16748, -1.0056, 0.65545, -0.51831, -0.45808, -1.0488, 0.18355, -0.10038, -0.059545, -0.42474, 1.7222, 1.5303, -0.21717, -0.47336, -0.81738, -0.68571, 0.50455, -0.27605, -0.15664, 1.1645, 0.091572, -0.79113, -0.83735, -0.10057, -0.293, -0.70563, -0.65555, -1.3056, 0.61585, -0.69208, 0.4709, 0.022633, -2.0251, -1.3278, 1.1793, 0.49529, 1.1177, -0.28104, 0.82524, -0.19055, -0.2598, 0.16605, -0.42887, 1.0002, -0.61692, -0.56548, 0.64305, 0.93989, 0.69381, -0.58241, 0.2559, 0.58656, 0.37533, 0.97881, -0.60195, 0.98699, -0.82124, -0.62914, -0.23886, 0.90832, -0.83753, -0.33233, 1.1753, -0.3791][-0.21267, -0.35083, 0.18188, -0.50387, 0.22013, -0.5235, -0.33453, -0.13976, -0.25458, -0.7072, -0.65199, 0.42413, 0.76775, -0.20566, 0.47883, -0.60858, 0.12146, -0.20615, 0.25366, -0.65048, 0.2542, -0.40941, -0.067159, -0.58759, 1.3914, -0.92923, 0.24783, -0.95797, 1.2963, 0.17016, 0.67872, -0.77995, 0.6041, -0.34616, 0.85211, -1.0306, 0.70098, 0.054699, 0.93064, 0.26397, -0.94135, -0.71126, 0.91951, -0.59287, -0.74904, 0.28759, 0.00094286, 0.72913, -0.35128, -0.2328, -0.45868, -0.11113, -0.63079, -0.25658, -1.0864, -0.028039, 0.75142, -0.069806, 0.13661, 0.27036, -0.23167, -0.43056, -0.37331, -1.0856, 0.43493, -1.27, 1.3105, 0.42276, -0.45681, -1.0524, 0.3824, 0.21263, 0.24152, 0.69606, 0.80142, -1.1946, -0.7168, 0.47347, -0.048854, 0.97357, -0.054008, -0.46303, 1.1109, -0.46179, -0.81698, -0.58183, 0.83372, -0.13983, 0.36551, -0.44318, -0.6319, 0.39058, -0.30279, -0.88809, -0.31956, 0.38598, -0.34545, -0.23116, 0.018306, -1.3194][-0.21267, -0.35083, 0.18188, -0.50387, 0.22013, -0.5235, -0.33453, -0.13976, -0.25458, -0.7072, -0.65199, 0.42413, 0.76775, -0.20566, 0.47883, -0.60858, 0.12146, -0.20615, 0.25366, -0.65048, 0.2542, -0.40941, -0.067159, -0.58759, 1.3914, -0.92923, 0.24783, -0.95797, 1.2963, 0.17016, 0.67872, -0.77995, 0.6041, -0.34616, 0.85211, -1.0306, 0.70098, 0.054699, 0.93064, 0.26397, -0.94135, -0.71126, 0.91951, -0.59287, -0.74904, 0.28759, 0.00094286, 0.72913, -0.35128, -0.2328, -0.45868, -0.11113, -0.63079, -0.25658, -1.0864, -0.028039, 0.75142, -0.069806, 0.13661, 0.27036, -0.23167, -0.43056, -0.37331, -1.0856, 0.43493, -1.27, 1.3105, 0.42276, -0.45681, -1.0524, 0.3824, 0.21263, 0.24152, 0.69606, 0.80142, -1.1946, -0.7168, 0.47347, -0.048854, 0.97357, -0.054008, -0.46303, 1.1109, -0.46179, -0.81698, -0.58183, 0.83372, -0.13983, 0.36551, -0.44318, -0.6319, 0.39058, -0.30279, -0.88809, -0.31956, 0.38598, -0.34545, -0.23116, 0.018306, -1.3194][-0.21267, -0.35083, 0.18188, -0.50387, 0.22013, -0.5235, -0.33453, -0.13976, -0.25458, -0.7072, -0.65199, 0.42413, 0.76775, -0.20566, 0.47883, -0.60858, 0.12146, -0.20615, 0.25366, -0.65048, 0.2542, -0.40941, -0.067159, -0.58759, 1.3914, -0.92923, 0.24783, -0.95797, 1.2963, 0.17016, 0.67872, -0.77995, 0.6041, -0.34616, 0.85211, -1.0306, 0.70098, 0.054699, 0.93064, 0.26397, -0.94135, -0.71126, 0.91951, -0.59287, -0.74904, 0.28759, 0.00094286, 0.72913, -0.35128, -0.2328, -0.45868, -0.11113, -0.63079, -0.25658, -1.0864, -0.028039, 0.75142, -0.069806, 0.13661, 0.27036, -0.23167, -0.43056, -0.37331, -1.0856, 0.43493, -1.27, 1.3105, 0.42276, -0.45681, -1.0524, 0.3824, 0.21263, 0.24152, 0.69606, 0.80142, -1.1946, -0.7168, 0.47347, -0.048854, 0.97357, -0.054008, -0.46303, 1.1109, -0.46179, -0.81698, -0.58183, 0.83372, -0.13983, 0.36551, -0.44318, -0.6319, 0.39058, -0.30279, -0.88809, -0.31956, 0.38598, -0.34545, -0.23116, 0.018306, -1.3194][-1.3154, -1.3137, -0.098232, 0.18787, 0.16798, 0.77358, 0.33089, -0.5199, 0.31238, -0.3025, 0.069477, 0.79924, 0.17054, 1.1371, -1.0172, 0.45982, 0.44934, -0.73713, -0.076648, -0.53096, -0.60757, -0.45021, -0.039157, -0.59118, 1.0745, 1.4422, -0.21702, -0.18073, 1.477, -0.63592, -1.5955, -0.98151, 0.85796, 0.23046, 2.0495, -1.0053, 0.67381, -1.1954, 1.4757, 0.50118, 0.81786, -0.76933, 0.30298, -0.56197, -0.58768, 0.123, 0.62147, 0.39042, 0.38027, 0.55297, -1.1513, 0.73526, -0.3436, -0.63982, -0.1912, -0.2112, 0.51991, 0.089512, -0.42915, 0.16531, 0.015603, -0.094997, -0.44328, 0.68686, 0.029816, -1.0885, 1.366, -0.61432, -0.22504, -1.8229, 0.89044, -0.079794, 0.32861, 0.66699, 0.43139, -0.39353, -0.45647, 0.16324, -1.7225, 0.45966, 0.46433, -0.14588, 0.82462, 0.44329, -0.1955, 0.8934, 1.1416, -0.20476, 0.34176, -0.11522, 0.48409, -0.84302, -0.063622, -0.28597, 0.33343, 0.14396, -0.75746, 0.19044, 0.76372, -0.71382][-0.91713, -0.61014, 0.22905, 0.33714, -0.077619, -0.070476, 0.53696, 0.31561, 0.28007, -0.11038, -1.2106, 0.48028, -0.029614, -0.1685, -1.8525, 0.77801, 0.79214, -0.11424, 0.44789, -0.20188, 0.035174, 0.46749, -0.069611, -1.1478, 0.72489, 1.8345, 0.29639, 0.092973, 0.71229, -0.50291, -0.87568, -0.97182, 0.87056, -0.08247, 1.9321, -0.92854, 1.4437, -1.2861, 1.1081, 1.0658, -1.0208, -0.16607, 0.06563, 0.26463, -1.5041, 1.3068, 1.2157, 0.92091, 0.59881, 1.7021, -1.5605, 0.52302, -0.16555, 0.27775, -0.14713, -1.2694, 0.066337, 0.20946, -0.044923, -1.0038, 0.51852, -0.91206, -0.80753, -0.89059, 0.30336, -0.55098, 0.25327, -1.1766, -1.7943, -2.3147, 0.53167, -0.47268, 0.9364, 1.0273, 0.66807, 0.12602, 0.096986, -0.37277, -1.2516, -0.18145, 0.91021, 0.064528, 0.73603, 0.34885, 0.054214, 1.3418, 0.77304, 0.6906, 1.3994, -0.57122, 0.15832, -1.0018, -0.23272, -0.31112, 0.60555, -0.205, -0.59376, 0.36286, 0.17483, -0.19401][-0.75257, -0.26895, 0.26764, -0.049064, 0.52986, 0.49573, 0.36462, 0.18581, 0.23923, 0.25252, -0.6789, -0.23868, -0.24618, 0.50972, -0.38172, 0.20977, 0.58412, -0.29028, 0.60872, -0.47512, -0.13018, 0.534, 0.37816, -0.6008, 0.62725, 0.91039, 0.090291, -0.087698, 0.93134, -0.73386, -0.71094, -0.6414, 0.83008, -0.049813, 1.0439, -0.11161, 0.83327, -0.49236, 0.15585, 0.75669, -0.057539, 0.078401, 0.25593, 0.16221, -1.1224, 0.4229, 0.72851, 0.32298, -0.25253, 1.3148, -0.45455, 0.44895, 0.27364, -0.0093702, -0.482, -1.0203, -0.045026, -0.2, 0.15996, -0.37886, 0.021604, -0.18148, -0.046345, -0.24497, 0.41265, 0.23196, 0.028397, -0.71376, -1.0213, -1.0884, 0.25266, -0.37076, 0.69556, 0.52058, -0.02453, 0.39178, -0.33473, -0.26441, -0.6145, 0.20041, 0.34436, -0.015727, 0.81801, 0.35973, 0.1868, 0.96291, 0.96341, -0.04635, 0.70621, -0.87922, 0.11567, -1.1786, 0.058524, -0.088931, 0.20578, 0.15601, -0.10785, 0.23312, -0.60831, -0.031068][-0.75257, -0.26895, 0.26764, -0.049064, 0.52986, 0.49573, 0.36462, 0.18581, 0.23923, 0.25252, -0.6789, -0.23868, -0.24618, 0.50972, -0.38172, 0.20977, 0.58412, -0.29028, 0.60872, -0.47512, -0.13018, 0.534, 0.37816, -0.6008, 0.62725, 0.91039, 0.090291, -0.087698, 0.93134, -0.73386, -0.71094, -0.6414, 0.83008, -0.049813, 1.0439, -0.11161, 0.83327, -0.49236, 0.15585, 0.75669, -0.057539, 0.078401, 0.25593, 0.16221, -1.1224, 0.4229, 0.72851, 0.32298, -0.25253, 1.3148, -0.45455, 0.44895, 0.27364, -0.0093702, -0.482, -1.0203, -0.045026, -0.2, 0.15996, -0.37886, 0.021604, -0.18148, -0.046345, -0.24497, 0.41265, 0.23196, 0.028397, -0.71376, -1.0213, -1.0884, 0.25266, -0.37076, 0.69556, 0.52058, -0.02453, 0.39178, -0.33473, -0.26441, -0.6145, 0.20041, 0.34436, -0.015727, 0.81801, 0.35973, 0.1868, 0.96291, 0.96341, -0.04635, 0.70621, -0.87922, 0.11567, -1.1786, 0.058524, -0.088931, 0.20578, 0.15601, -0.10785, 0.23312, -0.60831, -0.031068]
（后4个都只有一辆例忽略，第一个有几万条数据，移出数据集）
category是13的，word_vector必相同，其label两者次数也相同，因此category=13的无意义，移除训练数据集
预测时只能对category=13的随机给值 或者给一个固定预测值
其他几个数量不大忽略
用LinearSVM准确率0.973554576095411
测试集
min: 1
max: 129
average: 6.755115297174407
middle: 3
填充至169


